gene_oid	gene_length	feature_type	start_coord	end_coord
2737840564	60	outside	1	4
2737840564	60	TMhelix	5	22
2737840564	60	inside	23	60
2737840565	366	outside	1	366
2737840566	270	outside	1	23
2737840566	270	TMhelix	24	41
2737840566	270	inside	42	80
2737840566	270	TMhelix	81	103
2737840566	270	outside	104	131
2737840566	270	TMhelix	132	154
2737840566	270	inside	155	213
2737840566	270	TMhelix	214	236
2737840566	270	outside	237	245
2737840566	270	TMhelix	246	265
2737840566	270	inside	266	270
2737840567	316	outside	1	316
2737840568	288	outside	1	288
2737840569	57	outside	1	57
2737840570	186	outside	1	186
2737840571	493	outside	1	493
2737840572	367	outside	1	367
2737840573	1007	outside	1	1007
2737840574	122	inside	1	122
2737840575	186	outside	1	186
2737840576	360	inside	1	4
2737840576	360	TMhelix	5	27
2737840576	360	outside	28	31
2737840576	360	TMhelix	32	49
2737840576	360	inside	50	93
2737840576	360	TMhelix	94	116
2737840576	360	outside	117	125
2737840576	360	TMhelix	126	148
2737840576	360	inside	149	167
2737840576	360	TMhelix	168	190
2737840576	360	outside	191	204
2737840576	360	TMhelix	205	227
2737840576	360	inside	228	259
2737840576	360	TMhelix	260	282
2737840576	360	outside	283	296
2737840576	360	TMhelix	297	319
2737840576	360	inside	320	331
2737840576	360	TMhelix	332	354
2737840576	360	outside	355	360
2737840577	169	outside	1	169
2737840578	211	outside	1	4
2737840578	211	TMhelix	5	24
2737840578	211	inside	25	30
2737840578	211	TMhelix	31	49
2737840578	211	outside	50	52
2737840578	211	TMhelix	53	75
2737840578	211	inside	76	87
2737840578	211	TMhelix	88	110
2737840578	211	outside	111	143
2737840578	211	TMhelix	144	166
2737840578	211	inside	167	211
2737840579	103	outside	1	3
2737840579	103	TMhelix	4	26
2737840579	103	inside	27	30
2737840579	103	TMhelix	31	53
2737840579	103	outside	54	62
2737840579	103	TMhelix	63	85
2737840579	103	inside	86	103
2737840580	262	outside	1	14
2737840580	262	TMhelix	15	37
2737840580	262	inside	38	43
2737840580	262	TMhelix	44	66
2737840580	262	outside	67	85
2737840580	262	TMhelix	86	108
2737840580	262	inside	109	120
2737840580	262	TMhelix	121	140
2737840580	262	outside	141	144
2737840580	262	TMhelix	145	167
2737840580	262	inside	168	179
2737840580	262	TMhelix	180	202
2737840580	262	outside	203	221
2737840580	262	TMhelix	222	244
2737840580	262	inside	245	262
2737840581	353	outside	1	353
2737840582	135	outside	1	135
2737840583	249	outside	1	249
2737840584	249	outside	1	249
2737840585	279	outside	1	279
2737840586	236	outside	1	236
2737840587	851	outside	1	27
2737840587	851	TMhelix	28	47
2737840587	851	inside	48	276
2737840587	851	TMhelix	277	296
2737840587	851	outside	297	336
2737840587	851	TMhelix	337	359
2737840587	851	inside	360	371
2737840587	851	TMhelix	372	394
2737840587	851	outside	395	408
2737840587	851	TMhelix	409	431
2737840587	851	inside	432	437
2737840587	851	TMhelix	438	460
2737840587	851	outside	461	487
2737840587	851	TMhelix	488	510
2737840587	851	inside	511	660
2737840587	851	TMhelix	661	683
2737840587	851	outside	684	724
2737840587	851	TMhelix	725	747
2737840587	851	inside	748	777
2737840587	851	TMhelix	778	800
2737840587	851	outside	801	814
2737840587	851	TMhelix	815	837
2737840587	851	inside	838	851
2737840588	440	outside	1	440
2737840589	325	outside	1	325
2737840590	185	outside	1	185
2737840591	143	inside	1	12
2737840591	143	TMhelix	13	35
2737840591	143	outside	36	63
2737840591	143	TMhelix	64	86
2737840591	143	inside	87	92
2737840591	143	TMhelix	93	115
2737840591	143	outside	116	143
2737840592	383	outside	1	32
2737840592	383	TMhelix	33	55
2737840592	383	inside	56	88
2737840592	383	TMhelix	89	111
2737840592	383	outside	112	141
2737840592	383	TMhelix	142	164
2737840592	383	inside	165	192
2737840592	383	TMhelix	193	212
2737840592	383	outside	213	383
2737840593	535	inside	1	232
2737840593	535	TMhelix	233	255
2737840593	535	outside	256	535
2737840594	123	outside	1	123
2737840595	341	inside	1	135
2737840595	341	TMhelix	136	158
2737840595	341	outside	159	341
2737840596	147	outside	1	147
2737840597	157	outside	1	157
2737840598	330	inside	1	36
2737840598	330	TMhelix	37	59
2737840598	330	outside	60	68
2737840598	330	TMhelix	69	88
2737840598	330	inside	89	100
2737840598	330	TMhelix	101	123
2737840598	330	outside	124	126
2737840598	330	TMhelix	127	149
2737840598	330	inside	150	155
2737840598	330	TMhelix	156	173
2737840598	330	outside	174	187
2737840598	330	TMhelix	188	210
2737840598	330	inside	211	221
2737840598	330	TMhelix	222	239
2737840598	330	outside	240	248
2737840598	330	TMhelix	249	271
2737840598	330	inside	272	282
2737840598	330	TMhelix	283	302
2737840598	330	outside	303	305
2737840598	330	TMhelix	306	325
2737840598	330	inside	326	330
2737840599	574	outside	1	574
2737840600	207	outside	1	207
2737840601	140	outside	1	140
2737840602	189	outside	1	189
2737840603	1029	outside	1	1029
2737840604	260	outside	1	260
2737840605	124	outside	1	124
2737840606	326	outside	1	326
2737840607	352	outside	1	352
2737840608	293	outside	1	293
2737840609	172	outside	1	172
2737840610	107	outside	1	107
2737840611	128	outside	1	128
2737840612	405	outside	1	405
2737840613	178	outside	1	178
2737840614	46	inside	1	46
2737840615	621	inside	1	34
2737840615	621	TMhelix	35	57
2737840615	621	outside	58	621
2737840616	249	outside	1	249
2737840617	174	inside	1	20
2737840617	174	TMhelix	21	43
2737840617	174	outside	44	174
2737840618	57	outside	1	57
2737840619	222	outside	1	222
2737840620	312	outside	1	312
2737840621	322	outside	1	45
2737840621	322	TMhelix	46	65
2737840621	322	inside	66	322
2737840622	287	inside	1	6
2737840622	287	TMhelix	7	29
2737840622	287	outside	30	33
2737840622	287	TMhelix	34	56
2737840622	287	inside	57	166
2737840622	287	TMhelix	167	189
2737840622	287	outside	190	201
2737840622	287	TMhelix	202	224
2737840622	287	inside	225	287
2737840623	186	outside	1	186
2737840624	72	outside	1	72
2737840625	112	outside	1	112
2737840626	365	outside	1	365
2737840627	268	outside	1	268
2737840628	324	outside	1	324
2737840629	287	outside	1	23
2737840629	287	TMhelix	24	46
2737840629	287	inside	47	70
2737840629	287	TMhelix	71	93
2737840629	287	outside	94	112
2737840629	287	TMhelix	113	135
2737840629	287	inside	136	141
2737840629	287	TMhelix	142	164
2737840629	287	outside	165	196
2737840629	287	TMhelix	197	214
2737840629	287	inside	215	220
2737840629	287	TMhelix	221	243
2737840629	287	outside	244	252
2737840629	287	TMhelix	253	275
2737840629	287	inside	276	287
2737840630	305	outside	1	24
2737840630	305	TMhelix	25	47
2737840630	305	inside	48	72
2737840630	305	TMhelix	73	95
2737840630	305	outside	96	109
2737840630	305	TMhelix	110	132
2737840630	305	inside	133	144
2737840630	305	TMhelix	145	167
2737840630	305	outside	168	254
2737840630	305	TMhelix	255	277
2737840630	305	inside	278	305
2737840631	331	outside	1	331
2737840632	438	outside	1	438
2737840633	517	inside	1	84
2737840633	517	TMhelix	85	107
2737840633	517	outside	108	517
2737840634	133	outside	1	133
2737840635	87	inside	1	27
2737840635	87	TMhelix	28	50
2737840635	87	outside	51	53
2737840635	87	TMhelix	54	76
2737840635	87	inside	77	87
2737840636	257	outside	1	257
2737840637	83	outside	1	83
2737840638	211	outside	1	211
2737840639	216	outside	1	14
2737840639	216	TMhelix	15	37
2737840639	216	inside	38	216
2737840640	64	outside	1	64
2737840641	287	outside	1	287
2737840642	117	outside	1	117
2737840643	241	outside	1	241
2737840644	316	outside	1	316
2737840645	89	outside	1	89
2737840646	42	outside	1	42
2737840647	438	outside	1	438
2737840648	110	outside	1	110
2737840649	420	outside	1	420
2737840650	86	inside	1	86
2737840651	261	inside	1	20
2737840651	261	TMhelix	21	40
2737840651	261	outside	41	79
2737840651	261	TMhelix	80	102
2737840651	261	inside	103	103
2737840651	261	TMhelix	104	126
2737840651	261	outside	127	172
2737840651	261	TMhelix	173	192
2737840651	261	inside	193	198
2737840651	261	TMhelix	199	221
2737840651	261	outside	222	240
2737840651	261	TMhelix	241	260
2737840651	261	inside	261	261
2737840652	116	outside	1	116
2737840653	617	outside	1	617
2737840654	269	outside	1	269
2737840655	325	outside	1	325
2737840656	337	outside	1	337
2737840657	275	outside	1	275
2737840658	420	inside	1	23
2737840658	420	TMhelix	24	43
2737840658	420	outside	44	420
2737840659	103	outside	1	103
2737840660	372	inside	1	20
2737840660	372	TMhelix	21	43
2737840660	372	outside	44	89
2737840660	372	TMhelix	90	112
2737840660	372	inside	113	160
2737840660	372	TMhelix	161	183
2737840660	372	outside	184	202
2737840660	372	TMhelix	203	225
2737840660	372	inside	226	229
2737840660	372	TMhelix	230	247
2737840660	372	outside	248	250
2737840660	372	TMhelix	251	270
2737840660	372	inside	271	282
2737840660	372	TMhelix	283	305
2737840660	372	outside	306	341
2737840660	372	TMhelix	342	364
2737840660	372	inside	365	372
2737840661	444	outside	1	444
2737840662	282	outside	1	282
2737840663	291	outside	1	291
2737840664	502	outside	1	502
2737840665	155	outside	1	155
2737840666	110	outside	1	110
2737840667	115	outside	1	115
2737840668	483	outside	1	483
2737840669	603	inside	1	6
2737840669	603	TMhelix	7	29
2737840669	603	outside	30	43
2737840669	603	TMhelix	44	66
2737840669	603	inside	67	89
2737840669	603	TMhelix	90	112
2737840669	603	outside	113	197
2737840669	603	TMhelix	198	220
2737840669	603	inside	221	226
2737840669	603	TMhelix	227	249
2737840669	603	outside	250	263
2737840669	603	TMhelix	264	286
2737840669	603	inside	287	290
2737840669	603	TMhelix	291	313
2737840669	603	outside	314	603
2737840670	64	outside	1	64
2737840671	207	outside	1	207
2737840672	303	outside	1	303
2737840673	305	outside	1	305
2737840674	355	outside	1	355
2737840675	99	outside	1	99
2737840676	255	outside	1	255
2737840677	336	outside	1	14
2737840677	336	TMhelix	15	37
2737840677	336	inside	38	58
2737840677	336	TMhelix	59	81
2737840677	336	outside	82	90
2737840677	336	TMhelix	91	113
2737840677	336	inside	114	117
2737840677	336	TMhelix	118	137
2737840677	336	outside	138	164
2737840677	336	TMhelix	165	187
2737840677	336	inside	188	215
2737840677	336	TMhelix	216	238
2737840677	336	outside	239	252
2737840677	336	TMhelix	253	275
2737840677	336	inside	276	301
2737840677	336	TMhelix	302	324
2737840677	336	outside	325	336
2737840678	287	inside	1	19
2737840678	287	TMhelix	20	42
2737840678	287	outside	43	61
2737840678	287	TMhelix	62	84
2737840678	287	inside	85	96
2737840678	287	TMhelix	97	115
2737840678	287	outside	116	139
2737840678	287	TMhelix	140	162
2737840678	287	inside	163	187
2737840678	287	TMhelix	188	210
2737840678	287	outside	211	229
2737840678	287	TMhelix	230	252
2737840678	287	inside	253	258
2737840678	287	TMhelix	259	278
2737840678	287	outside	279	287
2737840679	102	outside	1	102
2737840680	161	outside	1	161
2737840681	49	outside	1	49
2737840682	66	outside	1	5
2737840682	66	TMhelix	6	28
2737840682	66	inside	29	34
2737840682	66	TMhelix	35	57
2737840682	66	outside	58	66
2737840683	87	outside	1	87
2737840684	84	outside	1	84
2737840685	446	outside	1	446
2737840686	615	outside	1	615
2737840687	158	outside	1	158
2737840688	182	outside	1	182
2737840689	770	outside	1	770
2737840690	494	outside	1	494
2737840691	189	outside	1	189
2737840692	158	outside	1	158
2737840693	218	outside	1	218
2737840694	348	outside	1	348
2737840695	272	outside	1	272
2737840696	610	outside	1	610
2737840697	51	inside	1	51
2737840698	879	outside	1	879
2737840699	271	outside	1	271
2737840700	573	outside	1	573
2737840701	326	outside	1	326
2737840702	271	outside	1	271
2737840703	342	outside	1	342
2737840704	286	outside	1	286
2737840705	172	outside	1	172
2737840706	217	outside	1	217
2737840707	793	inside	1	24
2737840707	793	TMhelix	25	44
2737840707	793	outside	45	73
2737840707	793	TMhelix	74	96
2737840707	793	inside	97	168
2737840707	793	TMhelix	169	191
2737840707	793	outside	192	793
2737840708	113	outside	1	113
2737840709	224	outside	1	224
2737840710	103	outside	1	103
2737840711	419	outside	1	4
2737840711	419	TMhelix	5	27
2737840711	419	inside	28	71
2737840711	419	TMhelix	72	94
2737840711	419	outside	95	108
2737840711	419	TMhelix	109	131
2737840711	419	inside	132	151
2737840711	419	TMhelix	152	174
2737840711	419	outside	175	178
2737840711	419	TMhelix	179	201
2737840711	419	inside	202	294
2737840711	419	TMhelix	295	317
2737840711	419	outside	318	331
2737840711	419	TMhelix	332	354
2737840711	419	inside	355	419
2737840712	196	outside	1	196
2737840713	110	outside	1	110
2737840714	684	outside	1	684
2737840715	127	outside	1	127
2737840716	265	outside	1	265
2737840717	202	outside	1	202
2737840718	83	outside	1	83
2737840719	173	outside	1	173
2737840720	148	outside	1	23
2737840720	148	TMhelix	24	46
2737840720	148	inside	47	57
2737840720	148	TMhelix	58	80
2737840720	148	outside	81	109
2737840720	148	TMhelix	110	132
2737840720	148	inside	133	148
2737840721	161	outside	1	161
2737840722	130	outside	1	130
2737840723	69	outside	1	14
2737840723	69	TMhelix	15	34
2737840723	69	inside	35	40
2737840723	69	TMhelix	41	63
2737840723	69	outside	64	69
2737840724	428	outside	1	428
2737840725	525	outside	1	525
2737840726	51	inside	1	6
2737840726	51	TMhelix	7	26
2737840726	51	outside	27	51
2737840727	653	inside	1	96
2737840727	653	TMhelix	97	119
2737840727	653	outside	120	653
2737840728	208	outside	1	208
2737840729	283	outside	1	283
2737840730	261	outside	1	261
2737840731	404	outside	1	404
2737840732	395	inside	1	11
2737840732	395	TMhelix	12	34
2737840732	395	outside	35	43
2737840732	395	TMhelix	44	63
2737840732	395	inside	64	75
2737840732	395	TMhelix	76	95
2737840732	395	outside	96	104
2737840732	395	TMhelix	105	123
2737840732	395	inside	124	135
2737840732	395	TMhelix	136	158
2737840732	395	outside	159	161
2737840732	395	TMhelix	162	184
2737840732	395	inside	185	204
2737840732	395	TMhelix	205	227
2737840732	395	outside	228	241
2737840732	395	TMhelix	242	261
2737840732	395	inside	262	267
2737840732	395	TMhelix	268	287
2737840732	395	outside	288	290
2737840732	395	TMhelix	291	313
2737840732	395	inside	314	333
2737840732	395	TMhelix	334	356
2737840732	395	outside	357	360
2737840732	395	TMhelix	361	380
2737840732	395	inside	381	395
2737840733	165	outside	1	165
2737840734	381	outside	1	381
2737840735	214	outside	1	214
2737840736	103	inside	1	28
2737840736	103	TMhelix	29	48
2737840736	103	outside	49	51
2737840736	103	TMhelix	52	71
2737840736	103	inside	72	103
2737840737	417	inside	1	47
2737840737	417	TMhelix	48	70
2737840737	417	outside	71	108
2737840737	417	TMhelix	109	131
2737840737	417	inside	132	150
2737840737	417	TMhelix	151	176
2737840737	417	outside	177	190
2737840737	417	TMhelix	191	213
2737840737	417	inside	214	225
2737840737	417	TMhelix	226	248
2737840737	417	outside	249	262
2737840737	417	TMhelix	263	285
2737840737	417	inside	286	417
2737840738	135	inside	1	16
2737840738	135	TMhelix	17	39
2737840738	135	outside	40	42
2737840738	135	TMhelix	43	62
2737840738	135	inside	63	68
2737840738	135	TMhelix	69	86
2737840738	135	outside	87	90
2737840738	135	TMhelix	91	113
2737840738	135	inside	114	135
2737840739	480	outside	1	480
2737840740	81	inside	1	6
2737840740	81	TMhelix	7	26
2737840740	81	outside	27	81
2737840741	432	inside	1	4
2737840741	432	TMhelix	5	36
2737840741	432	outside	37	61
2737840741	432	TMhelix	62	80
2737840741	432	inside	81	100
2737840741	432	TMhelix	101	123
2737840741	432	outside	124	142
2737840741	432	TMhelix	143	165
2737840741	432	inside	166	176
2737840741	432	TMhelix	177	199
2737840741	432	outside	200	218
2737840741	432	TMhelix	219	241
2737840741	432	inside	242	247
2737840741	432	TMhelix	248	267
2737840741	432	outside	268	281
2737840741	432	TMhelix	282	304
2737840741	432	inside	305	323
2737840741	432	TMhelix	324	346
2737840741	432	outside	347	360
2737840741	432	TMhelix	361	383
2737840741	432	inside	384	402
2737840741	432	TMhelix	403	425
2737840741	432	outside	426	432
2737840742	183	inside	1	6
2737840742	183	TMhelix	7	29
2737840742	183	outside	30	87
2737840742	183	TMhelix	88	107
2737840742	183	inside	108	119
2737840742	183	TMhelix	120	142
2737840742	183	outside	143	183
2737840743	257	outside	1	257
2737840744	578	outside	1	578
2737840745	335	outside	1	335
2737840746	307	outside	1	307
2737840747	282	outside	1	282
2737840748	538	inside	1	33
2737840748	538	TMhelix	34	56
2737840748	538	outside	57	75
2737840748	538	TMhelix	76	98
2737840748	538	inside	99	117
2737840748	538	TMhelix	118	140
2737840748	538	outside	141	162
2737840748	538	TMhelix	163	185
2737840748	538	inside	186	204
2737840748	538	TMhelix	205	227
2737840748	538	outside	228	246
2737840748	538	TMhelix	247	269
2737840748	538	inside	270	281
2737840748	538	TMhelix	282	304
2737840748	538	outside	305	318
2737840748	538	TMhelix	319	341
2737840748	538	inside	342	352
2737840748	538	TMhelix	353	375
2737840748	538	outside	376	389
2737840748	538	TMhelix	390	412
2737840748	538	inside	413	428
2737840748	538	TMhelix	429	451
2737840748	538	outside	452	465
2737840748	538	TMhelix	466	488
2737840748	538	inside	489	538
2737840749	38	outside	1	14
2737840749	38	TMhelix	15	37
2737840749	38	inside	38	38
2737840750	208	outside	1	9
2737840750	208	TMhelix	10	32
2737840750	208	inside	33	208
2737840751	75	outside	1	45
2737840751	75	TMhelix	46	68
2737840751	75	inside	69	75
2737840752	293	outside	1	19
2737840752	293	TMhelix	20	42
2737840752	293	inside	43	46
2737840752	293	TMhelix	47	64
2737840752	293	outside	65	85
2737840752	293	TMhelix	86	108
2737840752	293	inside	109	192
2737840752	293	TMhelix	193	215
2737840752	293	outside	216	229
2737840752	293	TMhelix	230	252
2737840752	293	inside	253	272
2737840752	293	TMhelix	273	292
2737840752	293	outside	293	293
2737840753	79	inside	1	4
2737840753	79	TMhelix	5	23
2737840753	79	outside	24	42
2737840753	79	TMhelix	43	65
2737840753	79	inside	66	79
2737840754	248	inside	1	10
2737840754	248	TMhelix	11	33
2737840754	248	outside	34	216
2737840754	248	TMhelix	217	239
2737840754	248	inside	240	248
2737840755	215	inside	1	48
2737840755	215	TMhelix	49	68
2737840755	215	outside	69	215
2737840756	239	outside	1	239
2737840757	312	outside	1	312
2737840758	393	inside	1	56
2737840758	393	TMhelix	57	79
2737840758	393	outside	80	93
2737840758	393	TMhelix	94	113
2737840758	393	inside	114	393
2737840759	311	outside	1	311
2737840760	121	outside	1	121
2737840761	112	outside	1	112
2737840762	50	inside	1	1
2737840762	50	TMhelix	2	21
2737840762	50	outside	22	50
2737840763	304	outside	1	304
2737840764	404	outside	1	404
2737840765	317	outside	1	317
2737840766	233	outside	1	233
2737840767	86	inside	1	86
2737840768	174	outside	1	174
2737840769	168	outside	1	168
2737840770	375	outside	1	375
2737840771	216	outside	1	216
2737840772	192	outside	1	192
2737840773	293	outside	1	293
2737840774	224	outside	1	224
2737840775	301	outside	1	301
2737840776	84	outside	1	84
2737840777	375	outside	1	375
2737840778	32	inside	1	4
2737840778	32	TMhelix	5	27
2737840778	32	outside	28	32
2737840779	32	inside	1	32
2737840780	179	outside	1	179
2737840781	101	outside	1	101
2737840782	131	outside	1	131
2737840783	177	outside	1	177
2737840784	121	inside	1	121
2737840785	172	outside	1	172
2737840786	60	inside	1	60
2737840787	143	outside	1	143
2737840788	121	inside	1	20
2737840788	121	TMhelix	21	40
2737840788	121	outside	41	72
2737840788	121	TMhelix	73	95
2737840788	121	inside	96	121
2737840789	66	outside	1	66
2737840790	209	outside	1	209
2737840791	333	outside	1	333
2737840792	283	outside	1	283
2737840793	467	outside	1	467
2737840794	342	outside	1	342
2737840795	196	outside	1	196
2737840796	116	outside	1	116
2737840797	389	outside	1	389
2737840798	176	outside	1	176
2737840799	597	outside	1	597
2737840800	333	outside	1	333
2737840801	139	outside	1	139
2737840802	154	outside	1	154
2737840803	31	outside	1	31
2737840804	129	outside	1	60
2737840804	129	TMhelix	61	83
2737840804	129	inside	84	103
2737840804	129	TMhelix	104	126
2737840804	129	outside	127	129
2737840805	199	outside	1	199
2737840806	112	outside	1	112
2737840807	541	outside	1	541
2737840808	395	outside	1	395
2737840809	121	outside	1	121
2737840810	194	outside	1	194
2737840811	145	outside	1	145
2737840812	267	outside	1	267
2737840813	271	outside	1	271
2737840814	267	outside	1	267
2737840815	661	outside	1	661
2737840816	559	outside	1	559
2737840817	136	inside	1	12
2737840817	136	TMhelix	13	35
2737840817	136	outside	36	136
2737840818	216	outside	1	3
2737840818	216	TMhelix	4	26
2737840818	216	inside	27	113
2737840818	216	TMhelix	114	136
2737840818	216	outside	137	160
2737840818	216	TMhelix	161	183
2737840818	216	inside	184	216
2737840819	252	inside	1	19
2737840819	252	TMhelix	20	42
2737840819	252	outside	43	252
2737840820	191	outside	1	191
2737840821	232	outside	1	232
2737840822	38	outside	1	38
2737840823	220	inside	1	6
2737840823	220	TMhelix	7	25
2737840823	220	outside	26	54
2737840823	220	TMhelix	55	72
2737840823	220	inside	73	99
2737840823	220	TMhelix	100	122
2737840823	220	outside	123	125
2737840823	220	TMhelix	126	148
2737840823	220	inside	149	152
2737840823	220	TMhelix	153	175
2737840823	220	outside	176	178
2737840823	220	TMhelix	179	198
2737840823	220	inside	199	220
2737840824	380	outside	1	380
2737840825	128	outside	1	128
2737840826	511	outside	1	511
2737840827	322	inside	1	12
2737840827	322	TMhelix	13	35
2737840827	322	outside	36	107
2737840827	322	TMhelix	108	130
2737840827	322	inside	131	142
2737840827	322	TMhelix	143	165
2737840827	322	outside	166	184
2737840827	322	TMhelix	185	207
2737840827	322	inside	208	242
2737840827	322	TMhelix	243	265
2737840827	322	outside	266	292
2737840827	322	TMhelix	293	315
2737840827	322	inside	316	322
2737840828	280	inside	1	15
2737840828	280	TMhelix	16	38
2737840828	280	outside	39	82
2737840828	280	TMhelix	83	105
2737840828	280	inside	106	124
2737840828	280	TMhelix	125	147
2737840828	280	outside	148	200
2737840828	280	TMhelix	201	223
2737840828	280	inside	224	242
2737840828	280	TMhelix	243	265
2737840828	280	outside	266	280
2737840829	206	outside	1	206
2737840830	169	outside	1	169
2737840831	328	outside	1	328
2737840832	261	outside	1	261
2737840833	143	inside	1	32
2737840833	143	TMhelix	33	52
2737840833	143	outside	53	71
2737840833	143	TMhelix	72	94
2737840833	143	inside	95	114
2737840833	143	TMhelix	115	137
2737840833	143	outside	138	143
2737840834	122	inside	1	26
2737840834	122	TMhelix	27	49
2737840834	122	outside	50	58
2737840834	122	TMhelix	59	81
2737840834	122	inside	82	93
2737840834	122	TMhelix	94	116
2737840834	122	outside	117	122
2737840835	601	outside	1	601
2737840836	234	outside	1	234
2737840837	102	outside	1	102
2737840838	432	outside	1	432
2737840839	483	outside	1	483
2737840840	217	outside	1	217
2737840841	356	outside	1	356
2737840842	208	outside	1	208
2737840843	1963	outside	1	1963
2737840844	58	outside	1	3
2737840844	58	TMhelix	4	23
2737840844	58	inside	24	58
2737840845	88	inside	1	26
2737840845	88	TMhelix	27	49
2737840845	88	outside	50	58
2737840845	88	TMhelix	59	76
2737840845	88	inside	77	88
2737840846	321	outside	1	321
2737840847	456	outside	1	111
2737840847	456	TMhelix	112	134
2737840847	456	inside	135	456
2737840848	299	inside	1	4
2737840848	299	TMhelix	5	24
2737840848	299	outside	25	299
2737840849	62	inside	1	4
2737840849	62	TMhelix	5	27
2737840849	62	outside	28	41
2737840849	62	TMhelix	42	61
2737840849	62	inside	62	62
2737840850	72	outside	1	72
2737840851	366	inside	1	82
2737840851	366	TMhelix	83	105
2737840851	366	outside	106	366
2737840852	368	outside	1	368
2737840853	417	inside	1	6
2737840853	417	TMhelix	7	26
2737840853	417	outside	27	417
2737840854	77	inside	1	6
2737840854	77	TMhelix	7	29
2737840854	77	outside	30	77
2737840855	310	outside	1	310
2737840856	314	inside	1	8
2737840856	314	TMhelix	9	31
2737840856	314	outside	32	50
2737840856	314	TMhelix	51	73
2737840856	314	inside	74	93
2737840856	314	TMhelix	94	128
2737840856	314	outside	129	155
2737840856	314	TMhelix	156	178
2737840856	314	inside	179	206
2737840856	314	TMhelix	207	229
2737840856	314	outside	230	243
2737840856	314	TMhelix	244	263
2737840856	314	inside	264	283
2737840856	314	TMhelix	284	306
2737840856	314	outside	307	314
2737840857	321	inside	1	11
2737840857	321	TMhelix	12	34
2737840857	321	outside	35	321
2737840858	335	outside	1	335
2737840859	907	outside	1	907
2737840860	98	outside	1	98
2737840861	59	outside	1	59
2737840862	223	outside	1	223
2737840863	147	outside	1	147
2737840864	308	outside	1	308
2737840865	436	outside	1	436
2737840866	111	inside	1	6
2737840866	111	TMhelix	7	29
2737840866	111	outside	30	111
2737840867	514	outside	1	14
2737840867	514	TMhelix	15	37
2737840867	514	inside	38	184
2737840867	514	TMhelix	185	207
2737840867	514	outside	208	514
2737840868	124	outside	1	124
2737840869	383	outside	1	383
2737840870	176	outside	1	176
2737840871	501	outside	1	14
2737840871	501	TMhelix	15	32
2737840871	501	inside	33	38
2737840871	501	TMhelix	39	61
2737840871	501	outside	62	501
2737840872	129	outside	1	129
2737840873	317	outside	1	317
2737840874	321	outside	1	321
2737840875	162	inside	1	11
2737840875	162	TMhelix	12	33
2737840875	162	outside	34	42
2737840875	162	TMhelix	43	65
2737840875	162	inside	66	87
2737840875	162	TMhelix	88	110
2737840875	162	outside	111	129
2737840875	162	TMhelix	130	152
2737840875	162	inside	153	162
2737840876	370	inside	1	12
2737840876	370	TMhelix	13	35
2737840876	370	outside	36	49
2737840876	370	TMhelix	50	72
2737840876	370	inside	73	84
2737840876	370	TMhelix	85	107
2737840876	370	outside	108	150
2737840876	370	TMhelix	151	173
2737840876	370	inside	174	174
2737840876	370	TMhelix	175	197
2737840876	370	outside	198	216
2737840876	370	TMhelix	217	239
2737840876	370	inside	240	245
2737840876	370	TMhelix	246	265
2737840876	370	outside	266	279
2737840876	370	TMhelix	280	299
2737840876	370	inside	300	311
2737840876	370	TMhelix	312	334
2737840876	370	outside	335	337
2737840876	370	TMhelix	338	355
2737840876	370	inside	356	370
2737840877	405	outside	1	181
2737840877	405	TMhelix	182	204
2737840877	405	inside	205	405
2737840878	169	outside	1	169
2737840879	166	outside	1	166
2737840880	239	outside	1	239
2737840881	647	outside	1	28
2737840881	647	TMhelix	29	51
2737840881	647	inside	52	452
2737840881	647	TMhelix	453	475
2737840881	647	outside	476	494
2737840881	647	TMhelix	495	517
2737840881	647	inside	518	523
2737840881	647	TMhelix	524	546
2737840881	647	outside	547	608
2737840881	647	TMhelix	609	631
2737840881	647	inside	632	647
2737840882	297	outside	1	297
2737840883	62	outside	1	62
2737840884	116	outside	1	116
2737840885	230	outside	1	230
2737840886	403	outside	1	14
2737840886	403	TMhelix	15	34
2737840886	403	inside	35	81
2737840886	403	TMhelix	82	104
2737840886	403	outside	105	118
2737840886	403	TMhelix	119	138
2737840886	403	inside	139	150
2737840886	403	TMhelix	151	168
2737840886	403	outside	169	177
2737840886	403	TMhelix	178	200
2737840886	403	inside	201	260
2737840886	403	TMhelix	261	278
2737840886	403	outside	279	292
2737840886	403	TMhelix	293	310
2737840886	403	inside	311	403
2737840887	194	outside	1	194
2737840888	202	outside	1	202
2737840889	271	outside	1	271
2737840890	315	outside	1	315
2737840891	234	outside	1	234
2737840892	320	outside	1	40
2737840892	320	TMhelix	41	60
2737840892	320	inside	61	79
2737840892	320	TMhelix	80	102
2737840892	320	outside	103	121
2737840892	320	TMhelix	122	144
2737840892	320	inside	145	188
2737840892	320	TMhelix	189	211
2737840892	320	outside	212	320
2737840893	321	inside	1	20
2737840893	321	TMhelix	21	43
2737840893	321	outside	44	81
2737840893	321	TMhelix	82	104
2737840893	321	inside	105	124
2737840893	321	TMhelix	125	147
2737840893	321	outside	148	151
2737840893	321	TMhelix	152	171
2737840893	321	inside	172	198
2737840893	321	TMhelix	199	218
2737840893	321	outside	219	222
2737840893	321	TMhelix	223	245
2737840893	321	inside	246	321
2737840894	271	outside	1	271
2737840895	471	outside	1	471
2737840896	354	outside	1	354
2737840897	43	outside	1	43
2737840898	176	outside	1	176
2737840899	193	outside	1	193
2737840900	351	outside	1	351
2737840901	70	outside	1	70
2737840902	262	inside	1	35
2737840902	262	TMhelix	36	58
2737840902	262	outside	59	67
2737840902	262	TMhelix	68	90
2737840902	262	inside	91	117
2737840902	262	TMhelix	118	140
2737840902	262	outside	141	163
2737840902	262	TMhelix	164	186
2737840902	262	inside	187	212
2737840902	262	TMhelix	213	235
2737840902	262	outside	236	262
2737840903	345	outside	1	345
2737840904	83	outside	1	83
2737840905	449	outside	1	449
2737840906	154	outside	1	154
2737840907	180	inside	1	12
2737840907	180	TMhelix	13	35
2737840907	180	outside	36	180
2737840908	202	outside	1	202
2737840909	444	outside	1	444
2737840910	372	outside	1	372
2737840911	29	outside	1	29
2737840912	644	outside	1	644
2737840913	187	outside	1	187
2737840914	162	outside	1	162
2737840915	83	outside	1	83
2737840916	228	outside	1	228
2737840917	906	outside	1	906
2737840918	231	inside	1	6
2737840918	231	TMhelix	7	29
2737840918	231	outside	30	69
2737840918	231	TMhelix	70	92
2737840918	231	inside	93	112
2737840918	231	TMhelix	113	135
2737840918	231	outside	136	194
2737840918	231	TMhelix	195	217
2737840918	231	inside	218	231
2737840919	177	outside	1	177
2737840920	233	outside	1	233
2737840921	283	outside	1	283
2737840922	79	outside	1	79
2737840923	724	outside	1	724
2737840924	774	inside	1	191
2737840924	774	TMhelix	192	214
2737840924	774	outside	215	233
2737840924	774	TMhelix	234	256
2737840924	774	inside	257	308
2737840924	774	TMhelix	309	331
2737840924	774	outside	332	334
2737840924	774	TMhelix	335	357
2737840924	774	inside	358	418
2737840924	774	TMhelix	419	441
2737840924	774	outside	442	450
2737840924	774	TMhelix	451	468
2737840924	774	inside	469	774
2737840925	155	outside	1	155
2737840926	379	outside	1	379
2737840927	94	outside	1	94
2737840928	382	outside	1	382
2737840929	397	outside	1	397
2737840930	207	outside	1	207
2737840931	302	outside	1	302
2737840932	656	outside	1	656
2737840933	215	outside	1	215
2737840934	28	inside	1	6
2737840934	28	TMhelix	7	24
2737840934	28	outside	25	28
2737840935	307	outside	1	307
2737840936	170	outside	1	170
2737840937	231	outside	1	231
2737840938	168	outside	1	168
2737840939	48	inside	1	48
2737840940	345	outside	1	345
2737840941	245	outside	1	245
2737840942	222	outside	1	23
2737840942	222	TMhelix	24	46
2737840942	222	inside	47	66
2737840942	222	TMhelix	67	89
2737840942	222	outside	90	92
2737840942	222	TMhelix	93	115
2737840942	222	inside	116	149
2737840942	222	TMhelix	150	172
2737840942	222	outside	173	191
2737840942	222	TMhelix	192	211
2737840942	222	inside	212	222
2737840943	239	outside	1	25
2737840943	239	TMhelix	26	48
2737840943	239	inside	49	68
2737840943	239	TMhelix	69	86
2737840943	239	outside	87	95
2737840943	239	TMhelix	96	115
2737840943	239	inside	116	134
2737840943	239	TMhelix	135	157
2737840943	239	outside	158	195
2737840943	239	TMhelix	196	218
2737840943	239	inside	219	239
2737840944	89	outside	1	89
2737840945	126	outside	1	126
2737840946	247	inside	1	25
2737840946	247	TMhelix	26	44
2737840946	247	outside	45	97
2737840946	247	TMhelix	98	116
2737840946	247	inside	117	122
2737840946	247	TMhelix	123	145
2737840946	247	outside	146	178
2737840946	247	TMhelix	179	201
2737840946	247	inside	202	247
2737840947	329	outside	1	329
2737840948	422	outside	1	422
2737840949	324	outside	1	324
2737840950	260	outside	1	260
2737840951	151	outside	1	151
2737840952	206	outside	1	206
2737840953	276	outside	1	276
2737840954	255	inside	1	59
2737840954	255	TMhelix	60	82
2737840954	255	outside	83	109
2737840954	255	TMhelix	110	132
2737840954	255	inside	133	175
2737840954	255	TMhelix	176	198
2737840954	255	outside	199	217
2737840954	255	TMhelix	218	240
2737840954	255	inside	241	255
2737840955	272	outside	1	272
2737840956	344	inside	1	4
2737840956	344	TMhelix	5	27
2737840956	344	outside	28	344
2737840957	174	outside	1	174
2737840958	154	outside	1	154
2737840959	498	outside	1	498
2737840960	128	outside	1	128
2737840961	190	inside	1	19
2737840961	190	TMhelix	20	42
2737840961	190	outside	43	56
2737840961	190	TMhelix	57	79
2737840961	190	inside	80	105
2737840961	190	TMhelix	106	128
2737840961	190	outside	129	153
2737840961	190	TMhelix	154	176
2737840961	190	inside	177	190
2737840962	192	outside	1	192
2737840963	398	outside	1	398
2737840964	219	outside	1	219
2737840965	377	inside	1	6
2737840965	377	TMhelix	7	26
2737840965	377	outside	27	377
2737840966	515	outside	1	9
2737840966	515	TMhelix	10	29
2737840966	515	inside	30	344
2737840966	515	TMhelix	345	364
2737840966	515	outside	365	367
2737840966	515	TMhelix	368	390
2737840966	515	inside	391	396
2737840966	515	TMhelix	397	419
2737840966	515	outside	420	438
2737840966	515	TMhelix	439	460
2737840966	515	inside	461	466
2737840966	515	TMhelix	467	489
2737840966	515	outside	490	515
2737840967	131	outside	1	131
2737840968	604	outside	1	604
2737840969	225	inside	1	12
2737840969	225	TMhelix	13	44
2737840969	225	outside	45	58
2737840969	225	TMhelix	59	81
2737840969	225	inside	82	225
2737840970	321	outside	1	321
2737840971	158	outside	1	158
2737840972	258	outside	1	35
2737840972	258	TMhelix	36	58
2737840972	258	inside	59	98
2737840972	258	TMhelix	99	117
2737840972	258	outside	118	149
2737840972	258	TMhelix	150	172
2737840972	258	inside	173	191
2737840972	258	TMhelix	192	214
2737840972	258	outside	215	223
2737840972	258	TMhelix	224	246
2737840972	258	inside	247	258
2737840973	320	outside	1	320
2737840974	473	outside	1	473
2737840975	180	outside	1	180
2737840976	375	outside	1	375
2737840977	393	outside	1	393
2737840978	140	outside	1	140
2737840979	111	outside	1	111
2737840980	338	outside	1	338
2737840981	271	inside	1	24
2737840981	271	TMhelix	25	47
2737840981	271	outside	48	112
2737840981	271	TMhelix	113	130
2737840981	271	inside	131	142
2737840981	271	TMhelix	143	162
2737840981	271	outside	163	171
2737840981	271	TMhelix	172	194
2737840981	271	inside	195	205
2737840981	271	TMhelix	206	223
2737840981	271	outside	224	226
2737840981	271	TMhelix	227	246
2737840981	271	inside	247	271
2737840982	512	outside	1	512
2737840983	314	inside	1	20
2737840983	314	TMhelix	21	43
2737840983	314	outside	44	314
2737840984	1147	outside	1	1147
2737840985	81	inside	1	81
2737840986	176	outside	1	176
2737840988	67	inside	1	67
2737840989	120	outside	1	120
2737840990	345	outside	1	345
2737840991	774	outside	1	774
2737840992	108	inside	1	108
2737840993	240	outside	1	240
2737840994	247	inside	1	6
2737840994	247	TMhelix	7	26
2737840994	247	outside	27	30
2737840994	247	TMhelix	31	53
2737840994	247	inside	54	59
2737840994	247	TMhelix	60	82
2737840994	247	outside	83	96
2737840994	247	TMhelix	97	119
2737840994	247	inside	120	153
2737840994	247	TMhelix	154	176
2737840994	247	outside	177	202
2737840994	247	TMhelix	203	225
2737840994	247	inside	226	247
2737840995	428	outside	1	19
2737840995	428	TMhelix	20	42
2737840995	428	inside	43	63
2737840995	428	TMhelix	64	86
2737840995	428	outside	87	105
2737840995	428	TMhelix	106	125
2737840995	428	inside	126	131
2737840995	428	TMhelix	132	154
2737840995	428	outside	155	157
2737840995	428	TMhelix	158	180
2737840995	428	inside	181	200
2737840995	428	TMhelix	201	220
2737840995	428	outside	221	234
2737840995	428	TMhelix	235	257
2737840995	428	inside	258	263
2737840995	428	TMhelix	264	286
2737840995	428	outside	287	295
2737840995	428	TMhelix	296	318
2737840995	428	inside	319	346
2737840995	428	TMhelix	347	369
2737840995	428	outside	370	428
2737840996	152	outside	1	152
2737840997	295	outside	1	295
2737840998	291	outside	1	291
2737840999	277	outside	1	277
2737841000	53	outside	1	53
2737841001	209	outside	1	209
2737841002	269	outside	1	269
2737841003	386	outside	1	386
2737841004	524	outside	1	524
2737841005	277	outside	1	277
2737841006	272	outside	1	272
2737841007	397	inside	1	12
2737841007	397	TMhelix	13	35
2737841007	397	outside	36	44
2737841007	397	TMhelix	45	67
2737841007	397	inside	68	73
2737841007	397	TMhelix	74	91
2737841007	397	outside	92	100
2737841007	397	TMhelix	101	123
2737841007	397	inside	124	134
2737841007	397	TMhelix	135	157
2737841007	397	outside	158	161
2737841007	397	TMhelix	162	181
2737841007	397	inside	182	219
2737841007	397	TMhelix	220	238
2737841007	397	outside	239	247
2737841007	397	TMhelix	248	270
2737841007	397	inside	271	282
2737841007	397	TMhelix	283	302
2737841007	397	outside	303	305
2737841007	397	TMhelix	306	328
2737841007	397	inside	329	340
2737841007	397	TMhelix	341	360
2737841007	397	outside	361	369
2737841007	397	TMhelix	370	392
2737841007	397	inside	393	397
2737841008	318	outside	1	318
2737841009	292	outside	1	292
2737841010	145	outside	1	145
2737841011	45	outside	1	45
2737841012	325	outside	1	325
2737841013	369	outside	1	369
2737841014	466	outside	1	466
2737841015	44	inside	1	44
2737841016	79	inside	1	79
2737841017	91	outside	1	91
2737841018	563	inside	1	6
2737841018	563	TMhelix	7	24
2737841018	563	outside	25	366
2737841018	563	TMhelix	367	389
2737841018	563	inside	390	435
2737841018	563	TMhelix	436	458
2737841018	563	outside	459	511
2737841018	563	TMhelix	512	534
2737841018	563	inside	535	563
2737841019	66	outside	1	66
2737841020	317	outside	1	317
2737841021	321	inside	1	4
2737841021	321	TMhelix	5	27
2737841021	321	outside	28	96
2737841021	321	TMhelix	97	119
2737841021	321	inside	120	139
2737841021	321	TMhelix	140	162
2737841021	321	outside	163	176
2737841021	321	TMhelix	177	199
2737841021	321	inside	200	238
2737841021	321	TMhelix	239	261
2737841021	321	outside	262	288
2737841021	321	TMhelix	289	311
2737841021	321	inside	312	321
2737841022	281	inside	1	15
2737841022	281	TMhelix	16	38
2737841022	281	outside	39	81
2737841022	281	TMhelix	82	104
2737841022	281	inside	105	124
2737841022	281	TMhelix	125	147
2737841022	281	outside	148	198
2737841022	281	TMhelix	199	221
2737841022	281	inside	222	241
2737841022	281	TMhelix	242	264
2737841022	281	outside	265	281
2737841023	334	outside	1	334
2737841024	274	outside	1	274
2737841025	62	inside	1	11
2737841025	62	TMhelix	12	34
2737841025	62	outside	35	62
2737841026	478	outside	1	478
2737841027	231	inside	1	28
2737841027	231	TMhelix	29	51
2737841027	231	outside	52	55
2737841027	231	TMhelix	56	75
2737841027	231	inside	76	81
2737841027	231	TMhelix	82	104
2737841027	231	outside	105	113
2737841027	231	TMhelix	114	136
2737841027	231	inside	137	142
2737841027	231	TMhelix	143	165
2737841027	231	outside	166	168
2737841027	231	TMhelix	169	188
2737841027	231	inside	189	200
2737841027	231	TMhelix	201	223
2737841027	231	outside	224	231
2737841028	135	outside	1	135
2737841029	588	outside	1	588
2737841030	776	outside	1	776
2737841031	794	outside	1	794
2737841032	50	outside	1	50
2737841033	325	inside	1	26
2737841033	325	TMhelix	27	49
2737841033	325	outside	50	103
2737841033	325	TMhelix	104	123
2737841033	325	inside	124	129
2737841033	325	TMhelix	130	152
2737841033	325	outside	153	184
2737841033	325	TMhelix	185	207
2737841033	325	inside	208	227
2737841033	325	TMhelix	228	250
2737841033	325	outside	251	286
2737841033	325	TMhelix	287	309
2737841033	325	inside	310	325
2737841034	349	inside	1	20
2737841034	349	TMhelix	21	43
2737841034	349	outside	44	146
2737841034	349	TMhelix	147	169
2737841034	349	inside	170	181
2737841034	349	TMhelix	182	204
2737841034	349	outside	205	213
2737841034	349	TMhelix	214	236
2737841034	349	inside	237	256
2737841034	349	TMhelix	257	279
2737841034	349	outside	280	312
2737841034	349	TMhelix	313	335
2737841034	349	inside	336	349
2737841035	346	outside	1	346
2737841036	138	outside	1	138
2737841037	127	outside	1	127
2737841038	141	outside	1	141
2737841039	230	outside	1	230
2737841040	402	outside	1	402
2737841041	132	outside	1	132
2737841042	217	outside	1	217
2737841043	128	outside	1	128
2737841044	255	inside	1	12
2737841044	255	TMhelix	13	35
2737841044	255	outside	36	255
2737841045	232	outside	1	232
2737841046	537	outside	1	537
2737841047	286	outside	1	25
2737841047	286	TMhelix	26	45
2737841047	286	inside	46	286
2737841048	266	outside	1	266
2737841049	305	outside	1	305
2737841050	950	outside	1	950
2737841051	180	outside	1	180
2737841052	31	outside	1	31
2737841053	179	outside	1	179
2737841054	316	outside	1	316
2737841055	174	outside	1	174
2737841056	258	outside	1	258
2737841057	63	outside	1	63
2737841058	289	inside	1	19
2737841058	289	TMhelix	20	42
2737841058	289	outside	43	85
2737841058	289	TMhelix	86	108
2737841058	289	inside	109	119
2737841058	289	TMhelix	120	142
2737841058	289	outside	143	145
2737841058	289	TMhelix	146	168
2737841058	289	inside	169	208
2737841058	289	TMhelix	209	231
2737841058	289	outside	232	250
2737841058	289	TMhelix	251	273
2737841058	289	inside	274	289
2737841059	349	outside	1	349
2737841060	210	outside	1	210
2737841061	543	outside	1	543
2737841062	459	outside	1	459
2737841063	141	outside	1	141
2737841064	341	outside	1	341
2737841065	111	inside	1	1
2737841065	111	TMhelix	2	21
2737841065	111	outside	22	30
2737841065	111	TMhelix	31	53
2737841065	111	inside	54	59
2737841065	111	TMhelix	60	82
2737841065	111	outside	83	86
2737841065	111	TMhelix	87	109
2737841065	111	inside	110	111
2737841066	90	outside	1	90
2737841067	106	outside	1	106
2737841068	103	inside	1	6
2737841068	103	TMhelix	7	25
2737841068	103	outside	26	39
2737841068	103	TMhelix	40	62
2737841068	103	inside	63	103
2737841069	385	inside	1	4
2737841069	385	TMhelix	5	22
2737841069	385	outside	23	385
2737841070	100	outside	1	100
2737841071	175	outside	1	175
2737841072	266	outside	1	266
2737841073	166	outside	1	166
2737841074	281	outside	1	281
2737841076	323	outside	1	323
2737841077	209	outside	1	209
2737841078	231	outside	1	231
2737841079	32	outside	1	32
2737841080	246	outside	1	246
2737841081	1030	inside	1	11
2737841081	1030	TMhelix	12	29
2737841081	1030	outside	30	332
2737841081	1030	TMhelix	333	352
2737841081	1030	inside	353	358
2737841081	1030	TMhelix	359	378
2737841081	1030	outside	379	387
2737841081	1030	TMhelix	388	410
2737841081	1030	inside	411	429
2737841081	1030	TMhelix	430	452
2737841081	1030	outside	453	461
2737841081	1030	TMhelix	462	484
2737841081	1030	inside	485	525
2737841081	1030	TMhelix	526	543
2737841081	1030	outside	544	845
2737841081	1030	TMhelix	846	868
2737841081	1030	inside	869	874
2737841081	1030	TMhelix	875	892
2737841081	1030	outside	893	901
2737841081	1030	TMhelix	902	924
2737841081	1030	inside	925	949
2737841081	1030	TMhelix	950	972
2737841081	1030	outside	973	981
2737841081	1030	TMhelix	982	1004
2737841081	1030	inside	1005	1030
2737841082	271	outside	1	271
2737841083	347	outside	1	347
2737841084	90	outside	1	90
2737841086	643	inside	1	11
2737841086	643	TMhelix	12	34
2737841086	643	outside	35	643
2737841088	472	outside	1	472
2737841089	680	outside	1	680
2737841090	480	outside	1	30
2737841090	480	TMhelix	31	53
2737841090	480	inside	54	57
2737841090	480	TMhelix	58	77
2737841090	480	outside	78	96
2737841090	480	TMhelix	97	119
2737841090	480	inside	120	123
2737841090	480	TMhelix	124	146
2737841090	480	outside	147	174
2737841090	480	TMhelix	175	197
2737841090	480	inside	198	209
2737841090	480	TMhelix	210	232
2737841090	480	outside	233	261
2737841090	480	TMhelix	262	284
2737841090	480	inside	285	304
2737841090	480	TMhelix	305	327
2737841090	480	outside	328	341
2737841090	480	TMhelix	342	375
2737841090	480	inside	376	395
2737841090	480	TMhelix	396	418
2737841090	480	outside	419	480
2737841091	25	outside	1	25
2737841092	178	outside	1	178
2737841093	367	outside	1	367
2737841094	285	outside	1	285
2737841095	282	outside	1	282
2737841096	118	outside	1	118
2737841097	320	outside	1	320
2737841098	273	outside	1	273
2737841099	254	outside	1	254
2737841100	294	outside	1	294
2737841101	187	outside	1	187
2737841102	61	outside	1	61
2737841103	324	outside	1	324
2737841104	422	inside	1	27
2737841104	422	TMhelix	28	50
2737841104	422	outside	51	280
2737841104	422	TMhelix	281	303
2737841104	422	inside	304	322
2737841104	422	TMhelix	323	345
2737841104	422	outside	346	387
2737841104	422	TMhelix	388	410
2737841104	422	inside	411	422
2737841105	232	outside	1	232
2737841106	279	outside	1	279
2737841107	256	outside	1	256
2737841108	162	inside	1	8
2737841108	162	TMhelix	9	31
2737841108	162	outside	32	40
2737841108	162	TMhelix	41	63
2737841108	162	inside	64	74
2737841108	162	TMhelix	75	97
2737841108	162	outside	98	100
2737841108	162	TMhelix	101	123
2737841108	162	inside	124	129
2737841108	162	TMhelix	130	149
2737841108	162	outside	150	162
2737841109	503	outside	1	19
2737841109	503	TMhelix	20	42
2737841109	503	inside	43	48
2737841109	503	TMhelix	49	71
2737841109	503	outside	72	109
2737841109	503	TMhelix	110	132
2737841109	503	inside	133	144
2737841109	503	TMhelix	145	167
2737841109	503	outside	168	171
2737841109	503	TMhelix	172	191
2737841109	503	inside	192	202
2737841109	503	TMhelix	203	220
2737841109	503	outside	221	256
2737841109	503	TMhelix	257	279
2737841109	503	inside	280	319
2737841109	503	TMhelix	320	342
2737841109	503	outside	343	361
2737841109	503	TMhelix	362	384
2737841109	503	inside	385	390
2737841109	503	TMhelix	391	408
2737841109	503	outside	409	422
2737841109	503	TMhelix	423	445
2737841109	503	inside	446	465
2737841109	503	TMhelix	466	488
2737841109	503	outside	489	503
2737841110	208	outside	1	19
2737841110	208	TMhelix	20	42
2737841110	208	inside	43	48
2737841110	208	TMhelix	49	71
2737841110	208	outside	72	85
2737841110	208	TMhelix	86	108
2737841110	208	inside	109	119
2737841110	208	TMhelix	120	142
2737841110	208	outside	143	161
2737841110	208	TMhelix	162	184
2737841110	208	inside	185	208
2737841111	69	inside	1	12
2737841111	69	TMhelix	13	35
2737841111	69	outside	36	69
2737841112	50	outside	1	26
2737841112	50	TMhelix	27	49
2737841112	50	inside	50	50
2737841113	287	inside	1	6
2737841113	287	TMhelix	7	26
2737841113	287	outside	27	287
2737841114	510	outside	1	510
2737841115	281	outside	1	281
2737841116	116	outside	1	116
2737841117	226	inside	1	33
2737841117	226	TMhelix	34	56
2737841117	226	outside	57	226
2737841118	752	outside	1	752
2737841119	757	outside	1	757
2737841120	270	outside	1	270
2737841121	623	outside	1	623
2737841122	406	outside	1	406
2737841123	135	inside	1	135
2737841124	180	outside	1	9
2737841124	180	TMhelix	10	32
2737841124	180	inside	33	52
2737841124	180	TMhelix	53	69
2737841124	180	outside	70	78
2737841124	180	TMhelix	79	96
2737841124	180	inside	97	118
2737841124	180	TMhelix	119	141
2737841124	180	outside	142	150
2737841124	180	TMhelix	151	173
2737841124	180	inside	174	180
2737841125	90	outside	1	90
2737841126	257	outside	1	257
2737841127	189	outside	1	189
2737841128	61	inside	1	61
2737841129	318	outside	1	318
2737841130	223	outside	1	223
2737841131	113	outside	1	113
2737841132	323	outside	1	323
2737841133	276	outside	1	276
2737841134	289	outside	1	289
2737841135	256	outside	1	256
2737841136	243	outside	1	243
2737841137	330	outside	1	330
2737841138	206	outside	1	206
2737841139	168	outside	1	168
2737841140	540	outside	1	540
2737841141	107	outside	1	107
2737841142	206	outside	1	206
2737841143	322	outside	1	322
2737841144	394	outside	1	394
2737841145	183	outside	1	183
2737841146	76	outside	1	51
2737841146	76	TMhelix	52	70
2737841146	76	inside	71	76
2737841147	301	outside	1	301
2737841148	710	outside	1	710
2737841149	195	outside	1	195
2737841150	249	outside	1	9
2737841150	249	TMhelix	10	32
2737841150	249	inside	33	249
2737841151	295	outside	1	295
2737841152	43	outside	1	43
2737841153	160	outside	1	160
2737841154	422	outside	1	422
2737841155	125	outside	1	125
2737841156	425	inside	1	11
2737841156	425	TMhelix	12	34
2737841156	425	outside	35	53
2737841156	425	TMhelix	54	76
2737841156	425	inside	77	82
2737841156	425	TMhelix	83	105
2737841156	425	outside	106	109
2737841156	425	TMhelix	110	129
2737841156	425	inside	130	135
2737841156	425	TMhelix	136	158
2737841156	425	outside	159	167
2737841156	425	TMhelix	168	190
2737841156	425	inside	191	210
2737841156	425	TMhelix	211	233
2737841156	425	outside	234	237
2737841156	425	TMhelix	238	257
2737841156	425	inside	258	268
2737841156	425	TMhelix	269	291
2737841156	425	outside	292	305
2737841156	425	TMhelix	306	328
2737841156	425	inside	329	332
2737841156	425	TMhelix	333	350
2737841156	425	outside	351	354
2737841156	425	TMhelix	355	377
2737841156	425	inside	378	393
2737841156	425	TMhelix	394	416
2737841156	425	outside	417	425
2737841157	30	outside	1	30
2737841158	622	inside	1	69
2737841158	622	TMhelix	70	92
2737841158	622	outside	93	501
2737841158	622	TMhelix	502	524
2737841158	622	inside	525	622
2737841159	348	outside	1	348
2737841160	421	outside	1	421
2737841161	374	outside	1	374
2737841162	82	outside	1	82
2737841163	155	outside	1	155
2737841164	793	outside	1	793
2737841165	109	outside	1	109
2737841166	59	outside	1	59
2737841167	372	outside	1	372
2737841168	86	outside	1	86
2737841169	103	outside	1	103
2737841170	304	outside	1	304
2737841171	118	outside	1	87
2737841171	118	TMhelix	88	110
2737841171	118	inside	111	118
2737841172	278	inside	1	6
2737841172	278	TMhelix	7	29
2737841172	278	outside	30	76
2737841172	278	TMhelix	77	99
2737841172	278	inside	100	111
2737841172	278	TMhelix	112	134
2737841172	278	outside	135	137
2737841172	278	TMhelix	138	160
2737841172	278	inside	161	183
2737841172	278	TMhelix	184	206
2737841172	278	outside	207	238
2737841172	278	TMhelix	239	261
2737841172	278	inside	262	278
2737841173	389	outside	1	389
2737841174	590	outside	1	590
2737841175	49	outside	1	25
2737841175	49	TMhelix	26	48
2737841175	49	inside	49	49
2737841176	286	outside	1	14
2737841176	286	TMhelix	15	37
2737841176	286	inside	38	43
2737841176	286	TMhelix	44	66
2737841176	286	outside	67	87
2737841176	286	TMhelix	88	110
2737841176	286	inside	111	189
2737841176	286	TMhelix	190	212
2737841176	286	outside	213	236
2737841176	286	TMhelix	237	259
2737841176	286	inside	260	286
2737841177	240	outside	1	14
2737841177	240	TMhelix	15	32
2737841177	240	inside	33	240
2737841178	430	outside	1	430
2737841179	137	outside	1	33
2737841179	137	TMhelix	34	56
2737841179	137	inside	57	68
2737841179	137	TMhelix	69	88
2737841179	137	outside	89	107
2737841179	137	TMhelix	108	130
2737841179	137	inside	131	137
2737841180	329	inside	1	6
2737841180	329	TMhelix	7	29
2737841180	329	outside	30	329
2737841181	218	outside	1	218
2737841182	371	outside	1	371
2737841183	249	outside	1	249
2737841184	252	outside	1	252
2737841185	287	outside	1	287
2737841186	167	outside	1	167
2737841187	98	outside	1	98
2737841188	65	outside	1	65
2737841189	656	outside	1	656
2737841190	96	outside	1	96
2737841191	289	outside	1	289
2737841192	279	outside	1	279
2737841193	278	outside	1	14
2737841193	278	TMhelix	15	37
2737841193	278	inside	38	80
2737841193	278	TMhelix	81	103
2737841193	278	outside	104	139
2737841193	278	TMhelix	140	162
2737841193	278	inside	163	219
2737841193	278	TMhelix	220	237
2737841193	278	outside	238	246
2737841193	278	TMhelix	247	266
2737841193	278	inside	267	278
2737841194	277	outside	1	29
2737841194	277	TMhelix	30	52
2737841194	277	inside	53	87
2737841194	277	TMhelix	88	110
2737841194	277	outside	111	137
2737841194	277	TMhelix	138	160
2737841194	277	inside	161	222
2737841194	277	TMhelix	223	245
2737841194	277	outside	246	249
2737841194	277	TMhelix	250	272
2737841194	277	inside	273	277
2737841195	145	inside	1	6
2737841195	145	TMhelix	7	29
2737841195	145	outside	30	145
2737841196	159	outside	1	159
2737841197	119	outside	1	9
2737841197	119	TMhelix	10	32
2737841197	119	inside	33	61
2737841197	119	TMhelix	62	84
2737841197	119	outside	85	88
2737841197	119	TMhelix	89	111
2737841197	119	inside	112	119
2737841199	128	inside	1	4
2737841199	128	TMhelix	5	27
2737841199	128	outside	28	53
2737841199	128	TMhelix	54	76
2737841199	128	inside	77	128
2737841200	252	outside	1	252
2737841201	336	outside	1	336
2737841202	703	outside	1	703
2737841203	88	outside	1	88
2737841204	226	outside	1	19
2737841204	226	TMhelix	20	41
2737841204	226	inside	42	47
2737841204	226	TMhelix	48	65
2737841204	226	outside	66	79
2737841204	226	TMhelix	80	97
2737841204	226	inside	98	142
2737841204	226	TMhelix	143	165
2737841204	226	outside	166	169
2737841204	226	TMhelix	170	192
2737841204	226	inside	193	204
2737841204	226	TMhelix	205	224
2737841204	226	outside	225	226
2737841205	777	outside	1	777
2737841206	1000	outside	1	1000
2737841207	135	outside	1	135
2737841208	171	outside	1	171
2737841209	325	inside	1	50
2737841209	325	TMhelix	51	73
2737841209	325	outside	74	111
2737841209	325	TMhelix	112	134
2737841209	325	inside	135	145
2737841209	325	TMhelix	146	168
2737841209	325	outside	169	200
2737841209	325	TMhelix	201	223
2737841209	325	inside	224	267
2737841209	325	TMhelix	268	290
2737841209	325	outside	291	325
2737841210	278	inside	1	29
2737841210	278	TMhelix	30	52
2737841210	278	outside	53	83
2737841210	278	TMhelix	84	103
2737841210	278	inside	104	115
2737841210	278	TMhelix	116	138
2737841210	278	outside	139	172
2737841210	278	TMhelix	173	195
2737841210	278	inside	196	232
2737841210	278	TMhelix	233	255
2737841210	278	outside	256	278
2737841211	69	inside	1	12
2737841211	69	TMhelix	13	35
2737841211	69	outside	36	69
2737841212	74	outside	1	19
2737841212	74	TMhelix	20	42
2737841212	74	inside	43	74
2737841213	47	inside	1	20
2737841213	47	TMhelix	21	43
2737841213	47	outside	44	47
2737841214	183	outside	1	183
2737841215	299	inside	1	4
2737841215	299	TMhelix	5	27
2737841215	299	outside	28	36
2737841215	299	TMhelix	37	59
2737841215	299	inside	60	71
2737841215	299	TMhelix	72	91
2737841215	299	outside	92	95
2737841215	299	TMhelix	96	118
2737841215	299	inside	119	124
2737841215	299	TMhelix	125	144
2737841215	299	outside	145	153
2737841215	299	TMhelix	154	176
2737841215	299	inside	177	188
2737841215	299	TMhelix	189	208
2737841215	299	outside	209	217
2737841215	299	TMhelix	218	240
2737841215	299	inside	241	252
2737841215	299	TMhelix	253	275
2737841215	299	outside	276	279
2737841215	299	TMhelix	280	297
2737841215	299	inside	298	299
2737841216	327	outside	1	327
2737841217	171	inside	1	20
2737841217	171	TMhelix	21	43
2737841217	171	outside	44	74
2737841217	171	TMhelix	75	97
2737841217	171	inside	98	103
2737841217	171	TMhelix	104	126
2737841217	171	outside	127	138
2737841217	171	TMhelix	139	161
2737841217	171	inside	162	171
2737841218	69	outside	1	69
2737841219	260	outside	1	260
2737841221	127	inside	1	16
2737841221	127	TMhelix	17	36
2737841221	127	outside	37	39
2737841221	127	TMhelix	40	59
2737841221	127	inside	60	91
2737841221	127	TMhelix	92	109
2737841221	127	outside	110	127
2737841222	193	outside	1	193
2737841223	143	outside	1	143
2737841224	231	outside	1	231
2737841225	168	outside	1	168
2737841226	125	outside	1	125
2737841227	490	outside	1	490
2737841228	187	outside	1	187
2737841229	483	inside	1	6
2737841229	483	TMhelix	7	29
2737841229	483	outside	30	483
2737841230	251	outside	1	251
2737841231	189	outside	1	189
2737841232	168	inside	1	20
2737841232	168	TMhelix	21	38
2737841232	168	outside	39	41
2737841232	168	TMhelix	42	64
2737841232	168	inside	65	70
2737841232	168	TMhelix	71	90
2737841232	168	outside	91	99
2737841232	168	TMhelix	100	122
2737841232	168	inside	123	168
2737841233	581	outside	1	581
2737841234	634	outside	1	634
2737841235	376	outside	1	376
2737841236	291	inside	1	6
2737841236	291	TMhelix	7	29
2737841236	291	outside	30	43
2737841236	291	TMhelix	44	75
2737841236	291	inside	76	86
2737841236	291	TMhelix	87	106
2737841236	291	outside	107	131
2737841236	291	TMhelix	132	154
2737841236	291	inside	155	188
2737841236	291	TMhelix	189	211
2737841236	291	outside	212	225
2737841236	291	TMhelix	226	248
2737841236	291	inside	249	254
2737841236	291	TMhelix	255	277
2737841236	291	outside	278	291
2737841237	324	inside	1	4
2737841237	324	TMhelix	5	23
2737841237	324	outside	24	26
2737841237	324	TMhelix	27	49
2737841237	324	inside	50	55
2737841237	324	TMhelix	56	73
2737841237	324	outside	74	76
2737841237	324	TMhelix	77	99
2737841237	324	inside	100	105
2737841237	324	TMhelix	106	125
2737841237	324	outside	126	153
2737841237	324	TMhelix	154	176
2737841237	324	inside	177	203
2737841237	324	TMhelix	204	226
2737841237	324	outside	227	240
2737841237	324	TMhelix	241	263
2737841237	324	inside	264	275
2737841237	324	TMhelix	276	293
2737841237	324	outside	294	324
2737841238	248	outside	1	248
2737841239	259	outside	1	259
2737841240	257	outside	1	257
2737841241	256	outside	1	256
2737841242	86	outside	1	86
2737841243	393	outside	1	393
2737841244	200	outside	1	200
2737841245	397	outside	1	397
2737841246	112	outside	1	112
2737841247	181	inside	1	12
2737841247	181	TMhelix	13	35
2737841247	181	outside	36	181
2737841248	281	outside	1	281
2737841249	275	outside	1	275
2737841250	161	outside	1	161
2737841251	125	outside	1	125
2737841252	142	outside	1	142
2737841253	1080	outside	1	1080
2737841254	71	outside	1	71
2737841255	138	outside	1	138
2737841256	345	outside	1	345
2737841257	179	outside	1	179
2737841258	224	outside	1	224
2737841259	70	inside	1	20
2737841259	70	TMhelix	21	43
2737841259	70	outside	44	70
2737841260	410	outside	1	410
2737841261	387	outside	1	387
2737841262	257	outside	1	257
2737841263	205	outside	1	205
2737841264	217	outside	1	217
2737841265	317	outside	1	317
2737841266	158	outside	1	158
2737841267	157	outside	1	157
2737841268	220	outside	1	220
2737841269	622	inside	1	89
2737841269	622	TMhelix	90	112
2737841269	622	outside	113	622
2737841270	285	outside	1	285
2737841271	442	outside	1	442
2737841272	214	outside	1	214
2737841273	66	outside	1	66
2737841274	262	outside	1	262
2737841275	103	inside	1	1
2737841275	103	TMhelix	2	21
2737841275	103	outside	22	25
2737841275	103	TMhelix	26	48
2737841275	103	inside	49	103
2737841276	571	outside	1	571
2737841277	393	outside	1	393
2737841278	245	outside	1	245
2737841279	105	outside	1	105
2737841280	477	outside	1	477
2737841281	471	outside	1	471
2737841282	166	inside	1	6
2737841282	166	TMhelix	7	29
2737841282	166	outside	30	166
2737841283	160	outside	1	160
2737841284	114	inside	1	6
2737841284	114	TMhelix	7	29
2737841284	114	outside	30	114
2737841285	97	inside	1	6
2737841285	97	TMhelix	7	29
2737841285	97	outside	30	97
2737841286	91	outside	1	14
2737841286	91	TMhelix	15	34
2737841286	91	inside	35	38
2737841286	91	TMhelix	39	61
2737841286	91	outside	62	91
2737841287	194	inside	1	19
2737841287	194	TMhelix	20	42
2737841287	194	outside	43	80
2737841287	194	TMhelix	81	103
2737841287	194	inside	104	123
2737841287	194	TMhelix	124	146
2737841287	194	outside	147	194
2737841288	97	outside	1	97
2737841289	718	inside	1	69
2737841289	718	TMhelix	70	87
2737841289	718	outside	88	96
2737841289	718	TMhelix	97	119
2737841289	718	inside	120	131
2737841289	718	TMhelix	132	154
2737841289	718	outside	155	163
2737841289	718	TMhelix	164	183
2737841289	718	inside	184	321
2737841289	718	TMhelix	322	344
2737841289	718	outside	345	348
2737841289	718	TMhelix	349	371
2737841289	718	inside	372	664
2737841289	718	TMhelix	665	687
2737841289	718	outside	688	690
2737841289	718	TMhelix	691	713
2737841289	718	inside	714	718
2737841290	148	outside	1	148
2737841291	325	outside	1	325
2737841292	401	outside	1	401
2737841293	288	outside	1	288
2737841294	177	outside	1	177
2737841295	142	outside	1	9
2737841295	142	TMhelix	10	32
2737841295	142	inside	33	52
2737841295	142	TMhelix	53	72
2737841295	142	outside	73	81
2737841295	142	TMhelix	82	104
2737841295	142	inside	105	116
2737841295	142	TMhelix	117	139
2737841295	142	outside	140	142
2737841296	370	inside	1	11
2737841296	370	TMhelix	12	31
2737841296	370	outside	32	50
2737841296	370	TMhelix	51	73
2737841296	370	inside	74	84
2737841296	370	TMhelix	85	107
2737841296	370	outside	108	116
2737841296	370	TMhelix	117	139
2737841296	370	inside	140	159
2737841296	370	TMhelix	160	182
2737841296	370	outside	183	213
2737841296	370	TMhelix	214	236
2737841296	370	inside	237	242
2737841296	370	TMhelix	243	265
2737841296	370	outside	266	279
2737841296	370	TMhelix	280	302
2737841296	370	inside	303	335
2737841296	370	TMhelix	336	358
2737841296	370	outside	359	370
2737841297	114	outside	1	114
2737841298	208	outside	1	208
2737841299	86	outside	1	86
2737841300	146	inside	1	11
2737841300	146	TMhelix	12	30
2737841300	146	outside	31	33
2737841300	146	TMhelix	34	56
2737841300	146	inside	57	76
2737841300	146	TMhelix	77	99
2737841300	146	outside	100	103
2737841300	146	TMhelix	104	126
2737841300	146	inside	127	146
2737841301	283	outside	1	283
2737841302	258	outside	1	258
2737841303	218	outside	1	218
2737841304	373	outside	1	373
2737841305	103	inside	1	103
2737841306	329	outside	1	329
2737841307	314	outside	1	314
2737841308	211	outside	1	5
2737841308	211	TMhelix	6	25
2737841308	211	inside	26	37
2737841308	211	TMhelix	38	60
2737841308	211	outside	61	63
2737841308	211	TMhelix	64	86
2737841308	211	inside	87	106
2737841308	211	TMhelix	107	129
2737841308	211	outside	130	143
2737841308	211	TMhelix	144	166
2737841308	211	inside	167	178
2737841308	211	TMhelix	179	198
2737841308	211	outside	199	211
2737841309	153	outside	1	153
2737841310	248	outside	1	248
2737841311	199	outside	1	199
2737841312	167	outside	1	167
2737841313	195	outside	1	195
2737841314	155	outside	1	155
2737841315	200	outside	1	200
2737841316	490	outside	1	490
2737841317	48	outside	1	48
2737841318	261	outside	1	77
2737841318	261	TMhelix	78	100
2737841318	261	inside	101	111
2737841318	261	TMhelix	112	129
2737841318	261	outside	130	138
2737841318	261	TMhelix	139	161
2737841318	261	inside	162	217
2737841318	261	TMhelix	218	240
2737841318	261	outside	241	261
2737841319	177	outside	1	177
2737841320	56	inside	1	56
2737841321	130	inside	1	1
2737841321	130	TMhelix	2	24
2737841321	130	outside	25	63
2737841321	130	TMhelix	64	86
2737841321	130	inside	87	106
2737841321	130	TMhelix	107	129
2737841321	130	outside	130	130
2737841323	208	outside	1	208
2737841324	437	inside	1	26
2737841324	437	TMhelix	27	49
2737841324	437	outside	50	58
2737841324	437	TMhelix	59	81
2737841324	437	inside	82	93
2737841324	437	TMhelix	94	116
2737841324	437	outside	117	152
2737841324	437	TMhelix	153	175
2737841324	437	inside	176	186
2737841324	437	TMhelix	187	209
2737841324	437	outside	210	247
2737841324	437	TMhelix	248	270
2737841324	437	inside	271	282
2737841324	437	TMhelix	283	302
2737841324	437	outside	303	305
2737841324	437	TMhelix	306	328
2737841324	437	inside	329	334
2737841324	437	TMhelix	335	357
2737841324	437	outside	358	371
2737841324	437	TMhelix	372	394
2737841324	437	inside	395	400
2737841324	437	TMhelix	401	420
2737841324	437	outside	421	437
2737841325	178	outside	1	178
2737841326	187	outside	1	187
2737841327	141	outside	1	141
2737841328	400	outside	1	400
2737841329	269	outside	1	269
2737841330	54	outside	1	54
2737841331	306	inside	1	12
2737841331	306	TMhelix	13	30
2737841331	306	outside	31	34
2737841331	306	TMhelix	35	57
2737841331	306	inside	58	77
2737841331	306	TMhelix	78	97
2737841331	306	outside	98	100
2737841331	306	TMhelix	101	120
2737841331	306	inside	121	126
2737841331	306	TMhelix	127	146
2737841331	306	outside	147	155
2737841331	306	TMhelix	156	178
2737841331	306	inside	179	184
2737841331	306	TMhelix	185	207
2737841331	306	outside	208	219
2737841331	306	TMhelix	220	242
2737841331	306	inside	243	248
2737841331	306	TMhelix	249	271
2737841331	306	outside	272	275
2737841331	306	TMhelix	276	298
2737841331	306	inside	299	306
2737841332	253	outside	1	9
2737841332	253	TMhelix	10	32
2737841332	253	inside	33	69
2737841332	253	TMhelix	70	92
2737841332	253	outside	93	96
2737841332	253	TMhelix	97	116
2737841332	253	inside	117	136
2737841332	253	TMhelix	137	159
2737841332	253	outside	160	199
2737841332	253	TMhelix	200	222
2737841332	253	inside	223	228
2737841332	253	TMhelix	229	251
2737841332	253	outside	252	253
2737841333	339	outside	1	339
2737841334	252	outside	1	252
2737841335	157	outside	1	157
2737841336	449	outside	1	449
2737841337	156	inside	1	11
2737841337	156	TMhelix	12	34
2737841337	156	outside	35	156
2737841338	362	outside	1	362
2737841339	103	inside	1	103
2737841340	142	outside	1	142
2737841341	104	outside	1	104
2737841342	235	outside	1	235
2737841343	239	outside	1	239
2737841344	393	outside	1	393
2737841345	239	outside	1	239
2737841346	151	outside	1	12
2737841346	151	TMhelix	13	35
2737841346	151	inside	36	41
2737841346	151	TMhelix	42	64
2737841346	151	outside	65	88
2737841346	151	TMhelix	89	111
2737841346	151	inside	112	151
2737841347	300	outside	1	300
2737841348	192	outside	1	192
2737841349	112	outside	1	112
2737841350	56	inside	1	4
2737841350	56	TMhelix	5	22
2737841350	56	outside	23	31
2737841350	56	TMhelix	32	54
2737841350	56	inside	55	56
2737841351	100	outside	1	100
2737841352	426	outside	1	426
2737841353	516	inside	1	230
2737841353	516	TMhelix	231	253
2737841353	516	outside	254	267
2737841353	516	TMhelix	268	287
2737841353	516	inside	288	293
2737841353	516	TMhelix	294	313
2737841353	516	outside	314	371
2737841353	516	TMhelix	372	394
2737841353	516	inside	395	425
2737841353	516	TMhelix	426	448
2737841353	516	outside	449	462
2737841353	516	TMhelix	463	485
2737841353	516	inside	486	491
2737841353	516	TMhelix	492	511
2737841353	516	outside	512	516
2737841354	390	outside	1	390
2737841355	544	inside	1	12
2737841355	544	TMhelix	13	35
2737841355	544	outside	36	62
2737841355	544	TMhelix	63	85
2737841355	544	inside	86	91
2737841355	544	TMhelix	92	114
2737841355	544	outside	115	140
2737841355	544	TMhelix	141	163
2737841355	544	inside	164	199
2737841355	544	TMhelix	200	222
2737841355	544	outside	223	241
2737841355	544	TMhelix	242	261
2737841355	544	inside	262	294
2737841355	544	TMhelix	295	317
2737841355	544	outside	318	336
2737841355	544	TMhelix	337	359
2737841355	544	inside	360	371
2737841355	544	TMhelix	372	394
2737841355	544	outside	395	408
2737841355	544	TMhelix	409	431
2737841355	544	inside	432	516
2737841355	544	TMhelix	517	539
2737841355	544	outside	540	544
2737841356	311	inside	1	26
2737841356	311	TMhelix	27	46
2737841356	311	outside	47	60
2737841356	311	TMhelix	61	80
2737841356	311	inside	81	100
2737841356	311	TMhelix	101	123
2737841356	311	outside	124	160
2737841356	311	TMhelix	161	183
2737841356	311	inside	184	198
2737841356	311	TMhelix	199	221
2737841356	311	outside	222	225
2737841356	311	TMhelix	226	248
2737841356	311	inside	249	311
2737841357	109	outside	1	109
2737841358	87	outside	1	87
2737841359	185	outside	1	4
2737841359	185	TMhelix	5	27
2737841359	185	inside	28	96
2737841359	185	TMhelix	97	116
2737841359	185	outside	117	125
2737841359	185	TMhelix	126	148
2737841359	185	inside	149	154
2737841359	185	TMhelix	155	177
2737841359	185	outside	178	185
2737841360	405	inside	1	171
2737841360	405	TMhelix	172	194
2737841360	405	outside	195	219
2737841360	405	TMhelix	220	239
2737841360	405	inside	240	255
2737841360	405	TMhelix	256	278
2737841360	405	outside	279	376
2737841360	405	TMhelix	377	399
2737841360	405	inside	400	405
2737841361	433	outside	1	433
2737841362	328	outside	1	328
2737841363	359	outside	1	359
2737841364	374	outside	1	374
2737841365	200	inside	1	16
2737841365	200	TMhelix	17	39
2737841365	200	outside	40	48
2737841365	200	TMhelix	49	71
2737841365	200	inside	72	95
2737841365	200	TMhelix	96	118
2737841365	200	outside	119	132
2737841365	200	TMhelix	133	155
2737841365	200	inside	156	200
2737841366	349	outside	1	349
2737841367	527	inside	1	6
2737841367	527	TMhelix	7	29
2737841367	527	outside	30	527
2737841368	302	inside	1	20
2737841368	302	TMhelix	21	43
2737841368	302	outside	44	95
2737841368	302	TMhelix	96	118
2737841368	302	inside	119	124
2737841368	302	TMhelix	125	147
2737841368	302	outside	148	156
2737841368	302	TMhelix	157	179
2737841368	302	inside	180	212
2737841368	302	TMhelix	213	235
2737841368	302	outside	236	267
2737841368	302	TMhelix	268	290
2737841368	302	inside	291	302
2737841369	126	outside	1	126
2737841370	258	outside	1	258
2737841371	86	outside	1	86
2737841372	872	outside	1	872
2737841373	65	inside	1	22
2737841373	65	TMhelix	23	45
2737841373	65	outside	46	65
2737841374	222	outside	1	222
2737841375	417	outside	1	417
2737841376	292	inside	1	11
2737841376	292	TMhelix	12	34
2737841376	292	outside	35	72
2737841376	292	TMhelix	73	95
2737841376	292	inside	96	107
2737841376	292	TMhelix	108	128
2737841376	292	outside	129	158
2737841376	292	TMhelix	159	181
2737841376	292	inside	182	201
2737841376	292	TMhelix	202	224
2737841376	292	outside	225	261
2737841376	292	TMhelix	262	284
2737841376	292	inside	285	292
2737841377	284	inside	1	8
2737841377	284	TMhelix	9	31
2737841377	284	outside	32	81
2737841377	284	TMhelix	82	101
2737841377	284	inside	102	112
2737841377	284	TMhelix	113	135
2737841377	284	outside	136	144
2737841377	284	TMhelix	145	167
2737841377	284	inside	168	187
2737841377	284	TMhelix	188	210
2737841377	284	outside	211	251
2737841377	284	TMhelix	252	274
2737841377	284	inside	275	284
2737841378	355	outside	1	355
2737841379	39	outside	1	4
2737841379	39	TMhelix	5	27
2737841379	39	inside	28	39
2737841380	207	outside	1	9
2737841380	207	TMhelix	10	32
2737841380	207	inside	33	38
2737841380	207	TMhelix	39	56
2737841380	207	outside	57	60
2737841380	207	TMhelix	61	80
2737841380	207	inside	81	91
2737841380	207	TMhelix	92	111
2737841380	207	outside	112	120
2737841380	207	TMhelix	121	143
2737841380	207	inside	144	173
2737841380	207	TMhelix	174	196
2737841380	207	outside	197	207
2737841381	460	outside	1	460
2737841382	445	outside	1	445
2737841383	107	outside	1	107
2737841384	552	outside	1	552
2737841385	276	outside	1	276
2737841386	302	outside	1	302
2737841387	341	outside	1	341
2737841388	655	outside	1	655
2737841389	212	outside	1	14
2737841389	212	TMhelix	15	32
2737841389	212	inside	33	44
2737841389	212	TMhelix	45	67
2737841389	212	outside	68	70
2737841389	212	TMhelix	71	93
2737841389	212	inside	94	105
2737841389	212	TMhelix	106	128
2737841389	212	outside	129	132
2737841389	212	TMhelix	133	155
2737841389	212	inside	156	175
2737841389	212	TMhelix	176	198
2737841389	212	outside	199	212
2737841390	145	outside	1	145
2737841391	702	outside	1	702
2737841392	208	outside	1	208
2737841393	372	inside	1	11
2737841393	372	TMhelix	12	34
2737841393	372	outside	35	372
2737841394	207	inside	1	12
2737841394	207	TMhelix	13	35
2737841394	207	outside	36	44
2737841394	207	TMhelix	45	67
2737841394	207	inside	68	87
2737841394	207	TMhelix	88	110
2737841394	207	outside	111	137
2737841394	207	TMhelix	138	160
2737841394	207	inside	161	207
2737841395	1048	outside	1	1048
2737841396	122	outside	1	122
2737841397	92	outside	1	92
2737841398	302	outside	1	302
2737841399	173	inside	1	26
2737841399	173	TMhelix	27	49
2737841399	173	outside	50	68
2737841399	173	TMhelix	69	91
2737841399	173	inside	92	99
2737841399	173	TMhelix	100	122
2737841399	173	outside	123	136
2737841399	173	TMhelix	137	159
2737841399	173	inside	160	173
2737841400	317	outside	1	317
2737841401	169	outside	1	169
2737841402	57	outside	1	57
2737841403	361	outside	1	3
2737841403	361	TMhelix	4	21
2737841403	361	inside	22	40
2737841403	361	TMhelix	41	63
2737841403	361	outside	64	77
2737841403	361	TMhelix	78	95
2737841403	361	inside	96	133
2737841403	361	TMhelix	134	156
2737841403	361	outside	157	294
2737841403	361	TMhelix	295	317
2737841403	361	inside	318	323
2737841403	361	TMhelix	324	346
2737841403	361	outside	347	361
2737841404	200	outside	1	3
2737841404	200	TMhelix	4	21
2737841404	200	inside	22	27
2737841404	200	TMhelix	28	50
2737841404	200	outside	51	54
2737841404	200	TMhelix	55	77
2737841404	200	inside	78	89
2737841404	200	TMhelix	90	112
2737841404	200	outside	113	131
2737841404	200	TMhelix	132	151
2737841404	200	inside	152	157
2737841404	200	TMhelix	158	180
2737841404	200	outside	181	200
2737841405	100	inside	1	100
2737841406	560	inside	1	128
2737841406	560	TMhelix	129	151
2737841406	560	outside	152	170
2737841406	560	TMhelix	171	190
2737841406	560	inside	191	196
2737841406	560	TMhelix	197	219
2737841406	560	outside	220	228
2737841406	560	TMhelix	229	251
2737841406	560	inside	252	278
2737841406	560	TMhelix	279	301
2737841406	560	outside	302	320
2737841406	560	TMhelix	321	343
2737841406	560	inside	344	362
2737841406	560	TMhelix	363	385
2737841406	560	outside	386	399
2737841406	560	TMhelix	400	422
2737841406	560	inside	423	433
2737841406	560	TMhelix	434	453
2737841406	560	outside	454	457
2737841406	560	TMhelix	458	480
2737841406	560	inside	481	491
2737841406	560	TMhelix	492	514
2737841406	560	outside	515	528
2737841406	560	TMhelix	529	551
2737841406	560	inside	552	560
2737841407	286	outside	1	286
2737841408	343	outside	1	343
2737841409	363	outside	1	14
2737841409	363	TMhelix	15	37
2737841409	363	inside	38	57
2737841409	363	TMhelix	58	80
2737841409	363	outside	81	146
2737841409	363	TMhelix	147	169
2737841409	363	inside	170	214
2737841409	363	TMhelix	215	237
2737841409	363	outside	238	240
2737841409	363	TMhelix	241	263
2737841409	363	inside	264	269
2737841409	363	TMhelix	270	289
2737841409	363	outside	290	303
2737841409	363	TMhelix	304	335
2737841409	363	inside	336	363
2737841410	228	outside	1	228
2737841411	204	outside	1	204
2737841412	129	outside	1	129
2737841413	316	outside	1	316
2737841414	325	outside	1	325
2737841415	354	outside	1	354
2737841416	60	inside	1	60
2737841417	145	inside	1	6
2737841417	145	TMhelix	7	29
2737841417	145	outside	30	43
2737841417	145	TMhelix	44	66
2737841417	145	inside	67	70
2737841417	145	TMhelix	71	93
2737841417	145	outside	94	117
2737841417	145	TMhelix	118	140
2737841417	145	inside	141	145
2737841418	193	outside	1	193
2737841419	499	outside	1	499
2737841420	244	outside	1	244
2737841421	226	outside	1	226
2737841422	130	outside	1	130
2737841423	116	outside	1	116
2737841424	269	inside	1	6
2737841424	269	TMhelix	7	29
2737841424	269	outside	30	38
2737841424	269	TMhelix	39	61
2737841424	269	inside	62	93
2737841424	269	TMhelix	94	116
2737841424	269	outside	117	144
2737841424	269	TMhelix	145	167
2737841424	269	inside	168	198
2737841424	269	TMhelix	199	221
2737841424	269	outside	222	225
2737841424	269	TMhelix	226	248
2737841424	269	inside	249	269
2737841425	37	inside	1	37
2737841427	121	outside	1	121
2737841428	134	inside	1	134
2737841429	207	outside	1	207
2737841430	330	outside	1	330
2737841431	128	outside	1	128
2737841433	129	outside	1	129
2737841434	179	inside	1	20
2737841434	179	TMhelix	21	40
2737841434	179	outside	41	61
2737841434	179	TMhelix	62	84
2737841434	179	inside	85	103
2737841434	179	TMhelix	104	126
2737841434	179	outside	127	155
2737841434	179	TMhelix	156	178
2737841434	179	inside	179	179
2737841435	39	inside	1	39
2737841436	475	outside	1	475
2737841437	552	outside	1	552
2737841438	255	outside	1	255
2737841439	243	outside	1	243
2737841440	246	outside	1	246
2737841441	307	outside	1	307
2737841442	878	outside	1	878
2737841443	40	inside	1	40
2737841444	314	outside	1	314
2737841445	202	outside	1	202
2737841446	437	outside	1	437
2737841448	113	outside	1	3
2737841448	113	TMhelix	4	23
2737841448	113	inside	24	49
2737841448	113	TMhelix	50	67
2737841448	113	outside	68	76
2737841448	113	TMhelix	77	99
2737841448	113	inside	100	113
2737841449	353	outside	1	353
2737841450	348	outside	1	348
2737841451	365	outside	1	365
2737841452	96	outside	1	96
2737841453	194	outside	1	194
2737841454	208	inside	1	12
2737841454	208	TMhelix	13	35
2737841454	208	outside	36	208
2737841455	301	outside	1	301
2737841456	227	outside	1	227
2737841457	90	outside	1	90
2737841458	238	outside	1	10
2737841458	238	TMhelix	11	33
2737841458	238	inside	34	53
2737841458	238	TMhelix	54	87
2737841458	238	outside	88	141
2737841458	238	TMhelix	142	164
2737841458	238	inside	165	170
2737841458	238	TMhelix	171	190
2737841458	238	outside	191	204
2737841458	238	TMhelix	205	227
2737841458	238	inside	228	238
2737841459	298	outside	1	298
2737841460	386	outside	1	386
2737841461	262	outside	1	262
2737841462	254	outside	1	254
2737841463	413	outside	1	413
2737841464	125	outside	1	125
2737841465	161	outside	1	161
2737841466	559	outside	1	559
2737841467	29	outside	1	29
2737841468	405	outside	1	405
2737841469	311	outside	1	311
2737841470	342	outside	1	342
2737841471	238	outside	1	238
2737841472	245	outside	1	245
2737841473	305	outside	1	305
2737841474	377	outside	1	377
2737841475	145	outside	1	145
2737841476	184	outside	1	9
2737841476	184	TMhelix	10	32
2737841476	184	inside	33	51
2737841476	184	TMhelix	52	74
2737841476	184	outside	75	88
2737841476	184	TMhelix	89	108
2737841476	184	inside	109	112
2737841476	184	TMhelix	113	135
2737841476	184	outside	136	156
2737841476	184	TMhelix	157	179
2737841476	184	inside	180	184
2737841477	189	outside	1	37
2737841477	189	TMhelix	38	60
2737841477	189	inside	61	66
2737841477	189	TMhelix	67	86
2737841477	189	outside	87	131
2737841477	189	TMhelix	132	154
2737841477	189	inside	155	165
2737841477	189	TMhelix	166	188
2737841477	189	outside	189	189
2737841478	385	outside	1	385
2737841479	194	outside	1	194
2737841480	76	outside	1	76
2737841481	563	outside	1	563
2737841482	268	outside	1	268
2737841483	62	outside	1	62
2737841484	32	outside	1	32
2737841485	343	outside	1	343
2737841486	425	outside	1	9
2737841486	425	TMhelix	10	32
2737841486	425	inside	33	52
2737841486	425	TMhelix	53	75
2737841486	425	outside	76	94
2737841486	425	TMhelix	95	117
2737841486	425	inside	118	137
2737841486	425	TMhelix	138	160
2737841486	425	outside	161	169
2737841486	425	TMhelix	170	192
2737841486	425	inside	193	212
2737841486	425	TMhelix	213	235
2737841486	425	outside	236	238
2737841486	425	TMhelix	239	256
2737841486	425	inside	257	275
2737841486	425	TMhelix	276	298
2737841486	425	outside	299	307
2737841486	425	TMhelix	308	330
2737841486	425	inside	331	334
2737841486	425	TMhelix	335	357
2737841486	425	outside	358	360
2737841486	425	TMhelix	361	383
2737841486	425	inside	384	395
2737841486	425	TMhelix	396	418
2737841486	425	outside	419	425
2737841487	179	inside	1	11
2737841487	179	TMhelix	12	34
2737841487	179	outside	35	48
2737841487	179	TMhelix	49	66
2737841487	179	inside	67	86
2737841487	179	TMhelix	87	104
2737841487	179	outside	105	123
2737841487	179	TMhelix	124	146
2737841487	179	inside	147	179
2737841488	227	outside	1	227
2737841489	198	outside	1	198
2737841490	1097	outside	1	1097
2737841491	221	outside	1	23
2737841491	221	TMhelix	24	46
2737841491	221	inside	47	66
2737841491	221	TMhelix	67	86
2737841491	221	outside	87	221
2737841492	185	outside	1	185
2737841493	928	outside	1	928
2737841494	204	outside	1	204
2737841495	56	outside	1	56
2737841496	148	outside	1	148
2737841497	70	inside	1	70
2737841498	410	inside	1	6
2737841498	410	TMhelix	7	24
2737841498	410	outside	25	410
2737841499	286	outside	1	286
2737841500	87	outside	1	87
2737841501	303	outside	1	303
2737841502	246	outside	1	246
2737841503	209	outside	1	209
2737841504	687	inside	1	4
2737841504	687	TMhelix	5	27
2737841504	687	outside	28	56
2737841504	687	TMhelix	57	79
2737841504	687	inside	80	160
2737841504	687	TMhelix	161	183
2737841504	687	outside	184	619
2737841504	687	TMhelix	620	638
2737841504	687	inside	639	687
2737841505	437	inside	1	19
2737841505	437	TMhelix	20	39
2737841505	437	outside	40	42
2737841505	437	TMhelix	43	62
2737841505	437	inside	63	68
2737841505	437	TMhelix	69	86
2737841505	437	outside	87	105
2737841505	437	TMhelix	106	123
2737841505	437	inside	124	135
2737841505	437	TMhelix	136	155
2737841505	437	outside	156	169
2737841505	437	TMhelix	170	192
2737841505	437	inside	193	200
2737841505	437	TMhelix	201	223
2737841505	437	outside	224	244
2737841505	437	TMhelix	245	267
2737841505	437	inside	268	278
2737841505	437	TMhelix	279	296
2737841505	437	outside	297	305
2737841505	437	TMhelix	306	325
2737841505	437	inside	326	345
2737841505	437	TMhelix	346	365
2737841505	437	outside	366	379
2737841505	437	TMhelix	380	398
2737841505	437	inside	399	404
2737841505	437	TMhelix	405	427
2737841505	437	outside	428	437
2737841506	168	outside	1	168
2737841507	140	inside	1	4
2737841507	140	TMhelix	5	27
2737841507	140	outside	28	90
2737841507	140	TMhelix	91	113
2737841507	140	inside	114	140
2737841508	213	outside	1	213
2737841509	295	outside	1	295
2737841510	287	outside	1	32
2737841510	287	TMhelix	33	55
2737841510	287	inside	56	102
2737841510	287	TMhelix	103	120
2737841510	287	outside	121	124
2737841510	287	TMhelix	125	142
2737841510	287	inside	143	169
2737841510	287	TMhelix	170	192
2737841510	287	outside	193	201
2737841510	287	TMhelix	202	224
2737841510	287	inside	225	260
2737841510	287	TMhelix	261	283
2737841510	287	outside	284	287
2737841511	238	outside	1	238
2737841512	231	outside	1	231
2737841513	258	outside	1	258
2737841514	430	outside	1	14
2737841514	430	TMhelix	15	37
2737841514	430	inside	38	57
2737841514	430	TMhelix	58	80
2737841514	430	outside	81	94
2737841514	430	TMhelix	95	117
2737841514	430	inside	118	123
2737841514	430	TMhelix	124	146
2737841514	430	outside	147	170
2737841514	430	TMhelix	171	193
2737841514	430	inside	194	225
2737841514	430	TMhelix	226	248
2737841514	430	outside	249	267
2737841514	430	TMhelix	268	290
2737841514	430	inside	291	296
2737841514	430	TMhelix	297	319
2737841514	430	outside	320	333
2737841514	430	TMhelix	334	356
2737841514	430	inside	357	430
2737841515	344	inside	1	12
2737841515	344	TMhelix	13	35
2737841515	344	outside	36	54
2737841515	344	TMhelix	55	77
2737841515	344	inside	78	89
2737841515	344	TMhelix	90	112
2737841515	344	outside	113	165
2737841515	344	TMhelix	166	188
2737841515	344	inside	189	216
2737841515	344	TMhelix	217	239
2737841515	344	outside	240	243
2737841515	344	TMhelix	244	266
2737841515	344	inside	267	270
2737841515	344	TMhelix	271	293
2737841515	344	outside	294	312
2737841515	344	TMhelix	313	332
2737841515	344	inside	333	344
2737841516	410	outside	1	410
2737841517	542	outside	1	542
2737841518	67	outside	1	67
2737841519	266	outside	1	266
2737841520	293	outside	1	293
2737841521	246	outside	1	246
2737841522	218	outside	1	218
2737841523	200	outside	1	200
2737841524	364	outside	1	364
2737841525	54	outside	1	54
2737841526	256	outside	1	256
2737841527	474	inside	1	33
2737841527	474	TMhelix	34	56
2737841527	474	outside	57	70
2737841527	474	TMhelix	71	93
2737841527	474	inside	94	99
2737841527	474	TMhelix	100	122
2737841527	474	outside	123	131
2737841527	474	TMhelix	132	154
2737841527	474	inside	155	166
2737841527	474	TMhelix	167	189
2737841527	474	outside	190	208
2737841527	474	TMhelix	209	228
2737841527	474	inside	229	256
2737841527	474	TMhelix	257	275
2737841527	474	outside	276	327
2737841527	474	TMhelix	328	350
2737841527	474	inside	351	369
2737841527	474	TMhelix	370	392
2737841527	474	outside	393	406
2737841527	474	TMhelix	407	429
2737841527	474	inside	430	449
2737841527	474	TMhelix	450	472
2737841527	474	outside	473	474
2737841528	394	outside	1	394
2737841529	221	outside	1	221
2737841530	199	outside	1	199
2737841531	52	outside	1	52
2737841532	125	outside	1	125
2737841533	462	outside	1	14
2737841533	462	TMhelix	15	34
2737841533	462	inside	35	81
2737841533	462	TMhelix	82	104
2737841533	462	outside	105	113
2737841533	462	TMhelix	114	131
2737841533	462	inside	132	143
2737841533	462	TMhelix	144	166
2737841533	462	outside	167	244
2737841533	462	TMhelix	245	267
2737841533	462	inside	268	273
2737841533	462	TMhelix	274	296
2737841533	462	outside	297	315
2737841533	462	TMhelix	316	338
2737841533	462	inside	339	349
2737841533	462	TMhelix	350	372
2737841533	462	outside	373	386
2737841533	462	TMhelix	387	409
2737841533	462	inside	410	415
2737841533	462	TMhelix	416	438
2737841533	462	outside	439	441
2737841533	462	TMhelix	442	461
2737841533	462	inside	462	462
2737841534	440	outside	1	14
2737841534	440	TMhelix	15	37
2737841534	440	inside	38	101
2737841534	440	TMhelix	102	124
2737841534	440	outside	125	138
2737841534	440	TMhelix	139	161
2737841534	440	inside	162	440
2737841535	169	outside	1	169
2737841536	787	outside	1	787
2737841537	101	outside	1	101
2737841538	562	inside	1	104
2737841538	562	TMhelix	105	127
2737841538	562	outside	128	136
2737841538	562	TMhelix	137	159
2737841538	562	inside	160	170
2737841538	562	TMhelix	171	193
2737841538	562	outside	194	202
2737841538	562	TMhelix	203	220
2737841538	562	inside	221	226
2737841538	562	TMhelix	227	249
2737841538	562	outside	250	268
2737841538	562	TMhelix	269	291
2737841538	562	inside	292	295
2737841538	562	TMhelix	296	318
2737841538	562	outside	319	562
2737841539	232	outside	1	232
2737841540	98	outside	1	98
2737841541	547	outside	1	547
2737841542	190	outside	1	190
2737841543	111	outside	1	111
2737841544	350	outside	1	350
2737841545	102	outside	1	102
2737841546	246	outside	1	246
2737841547	151	outside	1	151
2737841548	346	outside	1	346
2737841549	165	inside	1	12
2737841549	165	TMhelix	13	35
2737841549	165	outside	36	92
2737841549	165	TMhelix	93	115
2737841549	165	inside	116	127
2737841549	165	TMhelix	128	150
2737841549	165	outside	151	165
2737841550	357	inside	1	12
2737841550	357	TMhelix	13	35
2737841550	357	outside	36	54
2737841550	357	TMhelix	55	77
2737841550	357	inside	78	106
2737841550	357	TMhelix	107	129
2737841550	357	outside	130	148
2737841550	357	TMhelix	149	171
2737841550	357	inside	172	177
2737841550	357	TMhelix	178	200
2737841550	357	outside	201	222
2737841550	357	TMhelix	223	245
2737841550	357	inside	246	274
2737841550	357	TMhelix	275	297
2737841550	357	outside	298	311
2737841550	357	TMhelix	312	334
2737841550	357	inside	335	357
2737841551	222	outside	1	222
2737841552	242	inside	1	20
2737841552	242	TMhelix	21	43
2737841552	242	outside	44	242
2737841553	379	outside	1	379
2737841554	324	inside	1	54
2737841554	324	TMhelix	55	74
2737841554	324	outside	75	93
2737841554	324	TMhelix	94	116
2737841554	324	inside	117	173
2737841554	324	TMhelix	174	196
2737841554	324	outside	197	210
2737841554	324	TMhelix	211	233
2737841554	324	inside	234	245
2737841554	324	TMhelix	246	268
2737841554	324	outside	269	271
2737841554	324	TMhelix	272	294
2737841554	324	inside	295	324
2737841555	371	inside	1	46
2737841555	371	TMhelix	47	69
2737841555	371	outside	70	97
2737841555	371	TMhelix	98	120
2737841555	371	inside	121	171
2737841555	371	TMhelix	172	194
2737841555	371	outside	195	208
2737841555	371	TMhelix	209	226
2737841555	371	inside	227	352
2737841555	371	TMhelix	353	370
2737841555	371	outside	371	371
2737841556	305	outside	1	9
2737841556	305	TMhelix	10	32
2737841556	305	inside	33	61
2737841556	305	TMhelix	62	84
2737841556	305	outside	85	305
2737841557	46	inside	1	4
2737841557	46	TMhelix	5	27
2737841557	46	outside	28	46
2737841558	208	outside	1	19
2737841558	208	TMhelix	20	42
2737841558	208	inside	43	208
2737841559	478	inside	1	18
2737841559	478	TMhelix	19	41
2737841559	478	outside	42	60
2737841559	478	TMhelix	61	83
2737841559	478	inside	84	95
2737841559	478	TMhelix	96	115
2737841559	478	outside	116	129
2737841559	478	TMhelix	130	152
2737841559	478	inside	153	163
2737841559	478	TMhelix	164	186
2737841559	478	outside	187	205
2737841559	478	TMhelix	206	228
2737841559	478	inside	229	240
2737841559	478	TMhelix	241	258
2737841559	478	outside	259	272
2737841559	478	TMhelix	273	295
2737841559	478	inside	296	307
2737841559	478	TMhelix	308	330
2737841559	478	outside	331	349
2737841559	478	TMhelix	350	372
2737841559	478	inside	373	384
2737841559	478	TMhelix	385	407
2737841559	478	outside	408	434
2737841559	478	TMhelix	435	457
2737841559	478	inside	458	478
2737841560	45	outside	1	3
2737841560	45	TMhelix	4	26
2737841560	45	inside	27	45
2737841561	49	outside	1	49
2737841562	40	inside	1	40
2737841563	137	inside	1	137
2737841564	467	outside	1	467
2737841565	295	outside	1	295
2737841566	517	outside	1	517
2737841567	180	outside	1	180
2737841568	156	inside	1	6
2737841568	156	TMhelix	7	29
2737841568	156	outside	30	156
2737841569	82	inside	1	6
2737841569	82	TMhelix	7	29
2737841569	82	outside	30	52
2737841569	82	TMhelix	53	75
2737841569	82	inside	76	82
2737841570	292	outside	1	47
2737841570	292	TMhelix	48	67
2737841570	292	inside	68	104
2737841570	292	TMhelix	105	127
2737841570	292	outside	128	152
2737841570	292	TMhelix	153	175
2737841570	292	inside	176	229
2737841570	292	TMhelix	230	252
2737841570	292	outside	253	261
2737841570	292	TMhelix	262	284
2737841570	292	inside	285	292
2737841571	172	inside	1	48
2737841571	172	TMhelix	49	71
2737841571	172	outside	72	74
2737841571	172	TMhelix	75	97
2737841571	172	inside	98	108
2737841571	172	TMhelix	109	131
2737841571	172	outside	132	140
2737841571	172	TMhelix	141	163
2737841571	172	inside	164	172
2737841572	148	outside	1	9
2737841572	148	TMhelix	10	32
2737841572	148	inside	33	52
2737841572	148	TMhelix	53	72
2737841572	148	outside	73	81
2737841572	148	TMhelix	82	104
2737841572	148	inside	105	124
2737841572	148	TMhelix	125	147
2737841572	148	outside	148	148
2737841573	97	outside	1	97
2737841574	728	outside	1	728
2737841576	632	outside	1	632
2737841577	67	outside	1	67
2737841578	48	inside	1	48
2737841579	280	outside	1	280
2737841580	239	outside	1	239
2737841581	280	outside	1	280
2737841582	357	outside	1	357
2737841583	109	outside	1	109
2737841584	440	outside	1	440
2737841585	34	outside	1	34
2737841586	89	outside	1	14
2737841586	89	TMhelix	15	37
2737841586	89	inside	38	49
2737841586	89	TMhelix	50	72
2737841586	89	outside	73	89
2737841587	252	inside	1	8
2737841587	252	TMhelix	9	31
2737841587	252	outside	32	50
2737841587	252	TMhelix	51	73
2737841587	252	inside	74	92
2737841587	252	TMhelix	93	112
2737841587	252	outside	113	187
2737841587	252	TMhelix	188	210
2737841587	252	inside	211	228
2737841587	252	TMhelix	229	251
2737841587	252	outside	252	252
2737841588	113	outside	1	9
2737841588	113	TMhelix	10	29
2737841588	113	inside	30	113
2737841589	99	outside	1	99
2737841590	329	outside	1	329
2737841591	205	inside	1	20
2737841591	205	TMhelix	21	43
2737841591	205	outside	44	205
2737841592	487	outside	1	487
2737841593	79	inside	1	12
2737841593	79	TMhelix	13	35
2737841593	79	outside	36	39
2737841593	79	TMhelix	40	62
2737841593	79	inside	63	79
2737841594	271	outside	1	271
2737841595	177	outside	1	177
2737841596	149	outside	1	149
2737841597	403	outside	1	403
2737841598	548	outside	1	548
2737841599	284	outside	1	284
2737841600	95	outside	1	95
2737841601	428	outside	1	428
2737841602	91	outside	1	91
2737841603	207	outside	1	207
2737841604	90	outside	1	90
2737841605	89	outside	1	89
2737841606	313	outside	1	313
2737841607	204	outside	1	204
2737841608	499	outside	1	499
2737841609	350	outside	1	350
2737841610	251	inside	1	6
2737841610	251	TMhelix	7	29
2737841610	251	outside	30	63
2737841610	251	TMhelix	64	86
2737841610	251	inside	87	98
2737841610	251	TMhelix	99	121
2737841610	251	outside	122	125
2737841610	251	TMhelix	126	145
2737841610	251	inside	146	165
2737841610	251	TMhelix	166	188
2737841610	251	outside	189	220
2737841610	251	TMhelix	221	243
2737841610	251	inside	244	251
2737841611	254	outside	1	254
2737841612	287	outside	1	287
2737841613	468	outside	1	468
2737841614	218	outside	1	218
2737841615	205	outside	1	205
2737841616	851	outside	1	851
2737841617	134	outside	1	134
2737841618	453	outside	1	453
2737841619	56	inside	1	56
2737841620	632	outside	1	632
2737841621	382	outside	1	382
2737841622	218	outside	1	218
2737841623	151	outside	1	151
2737841624	326	outside	1	326
2737841625	191	outside	1	191
2737841626	233	outside	1	233
2737841627	707	outside	1	707
2737841628	644	outside	1	9
2737841628	644	TMhelix	10	32
2737841628	644	inside	33	186
2737841628	644	TMhelix	187	209
2737841628	644	outside	210	644
2737841629	155	outside	1	155
2737841630	648	outside	1	9
2737841630	648	TMhelix	10	32
2737841630	648	inside	33	188
2737841630	648	TMhelix	189	208
2737841630	648	outside	209	648
2737841631	154	outside	1	154
2737841632	145	outside	1	145
2737841633	259	inside	1	36
2737841633	259	TMhelix	37	55
2737841633	259	outside	56	259
2737841634	164	outside	1	3
2737841634	164	TMhelix	4	23
2737841634	164	inside	24	24
2737841634	164	TMhelix	25	47
2737841634	164	outside	48	61
2737841634	164	TMhelix	62	84
2737841634	164	inside	85	103
2737841634	164	TMhelix	104	126
2737841634	164	outside	127	164
2737841635	504	outside	1	504
2737841636	159	outside	1	159
2737841637	172	outside	1	172
2737841638	139	outside	1	139
2737841639	198	outside	1	198
2737841640	230	outside	1	230
2737841641	294	outside	1	294
2737841642	563	outside	1	563
2737841643	46	outside	1	46
2737841644	36	inside	1	36
2737841645	105	outside	1	105
2737841646	446	outside	1	446
2737841647	350	outside	1	350
2737841648	52	outside	1	52
2737841649	256	outside	1	256
2737841650	427	outside	1	427
2737841651	196	inside	1	4
2737841651	196	TMhelix	5	24
2737841651	196	outside	25	33
2737841651	196	TMhelix	34	56
2737841651	196	inside	57	75
2737841651	196	TMhelix	76	98
2737841651	196	outside	99	117
2737841651	196	TMhelix	118	140
2737841651	196	inside	141	159
2737841651	196	TMhelix	160	182
2737841651	196	outside	183	196
2737841652	108	outside	1	108
2737841653	228	outside	1	228
2737841654	59	inside	1	39
2737841654	59	TMhelix	40	58
2737841654	59	outside	59	59
2737841655	86	outside	1	5
2737841655	86	TMhelix	6	28
2737841655	86	inside	29	40
2737841655	86	TMhelix	41	63
2737841655	86	outside	64	86
2737841656	400	outside	1	400
2737841657	145	outside	1	145
2737841658	392	outside	1	392
2737841659	330	outside	1	330
2737841660	349	outside	1	349
2737841661	74	outside	1	74
2737841662	413	outside	1	30
2737841662	413	TMhelix	31	53
2737841662	413	inside	54	65
2737841662	413	TMhelix	66	88
2737841662	413	outside	89	107
2737841662	413	TMhelix	108	130
2737841662	413	inside	131	136
2737841662	413	TMhelix	137	159
2737841662	413	outside	160	168
2737841662	413	TMhelix	169	188
2737841662	413	inside	189	194
2737841662	413	TMhelix	195	214
2737841662	413	outside	215	228
2737841662	413	TMhelix	229	251
2737841662	413	inside	252	271
2737841662	413	TMhelix	272	294
2737841662	413	outside	295	313
2737841662	413	TMhelix	314	336
2737841662	413	inside	337	356
2737841662	413	TMhelix	357	379
2737841662	413	outside	380	382
2737841662	413	TMhelix	383	405
2737841662	413	inside	406	413
2737841663	340	outside	1	340
2737841664	77	outside	1	77
2737841665	317	outside	1	317
2737841666	596	outside	1	596
2737841667	310	outside	1	310
2737841668	251	outside	1	251
2737841669	340	outside	1	340
2737841670	85	inside	1	6
2737841670	85	TMhelix	7	29
2737841670	85	outside	30	43
2737841670	85	TMhelix	44	62
2737841670	85	inside	63	85
2737841671	142	outside	1	142
2737841672	309	outside	1	309
2737841673	98	outside	1	3
2737841673	98	TMhelix	4	21
2737841673	98	inside	22	98
2737841674	577	inside	1	23
2737841674	577	TMhelix	24	46
2737841674	577	outside	47	577
2737841675	512	outside	1	512
2737841676	225	outside	1	225
2737841677	364	outside	1	364
2737841678	213	outside	1	213
2737841679	421	outside	1	421
2737841680	80	outside	1	80
2737841681	182	outside	1	14
2737841681	182	TMhelix	15	37
2737841681	182	inside	38	43
2737841681	182	TMhelix	44	63
2737841681	182	outside	64	66
2737841681	182	TMhelix	67	89
2737841681	182	inside	90	101
2737841681	182	TMhelix	102	124
2737841681	182	outside	125	151
2737841681	182	TMhelix	152	174
2737841681	182	inside	175	182
2737841682	85	outside	1	85
2737841683	144	outside	1	144
2737841684	1126	outside	1	1126
2737841685	146	outside	1	146
2737841686	32	outside	1	32
2737841687	291	outside	1	4
2737841687	291	TMhelix	5	27
2737841687	291	inside	28	33
2737841687	291	TMhelix	34	56
2737841687	291	outside	57	60
2737841687	291	TMhelix	61	83
2737841687	291	inside	84	89
2737841687	291	TMhelix	90	112
2737841687	291	outside	113	137
2737841687	291	TMhelix	138	160
2737841687	291	inside	161	190
2737841687	291	TMhelix	191	213
2737841687	291	outside	214	227
2737841687	291	TMhelix	228	250
2737841687	291	inside	251	254
2737841687	291	TMhelix	255	277
2737841687	291	outside	278	291
2737841688	358	inside	1	20
2737841688	358	TMhelix	21	40
2737841688	358	outside	41	49
2737841688	358	TMhelix	50	72
2737841688	358	inside	73	92
2737841688	358	TMhelix	93	115
2737841688	358	outside	116	169
2737841688	358	TMhelix	170	192
2737841688	358	inside	193	220
2737841688	358	TMhelix	221	243
2737841688	358	outside	244	257
2737841688	358	TMhelix	258	280
2737841688	358	inside	281	291
2737841688	358	TMhelix	292	314
2737841688	358	outside	315	358
2737841689	277	outside	1	277
2737841690	272	outside	1	272
2737841691	361	outside	1	361
2737841692	107	outside	1	107
2737841693	162	outside	1	162
2737841694	109	outside	1	109
2737841695	407	inside	1	11
2737841695	407	TMhelix	12	34
2737841695	407	outside	35	48
2737841695	407	TMhelix	49	71
2737841695	407	inside	72	82
2737841695	407	TMhelix	83	105
2737841695	407	outside	106	108
2737841695	407	TMhelix	109	131
2737841695	407	inside	132	137
2737841695	407	TMhelix	138	160
2737841695	407	outside	161	164
2737841695	407	TMhelix	165	184
2737841695	407	inside	185	218
2737841695	407	TMhelix	219	241
2737841695	407	outside	242	250
2737841695	407	TMhelix	251	270
2737841695	407	inside	271	300
2737841695	407	TMhelix	301	323
2737841695	407	outside	324	342
2737841695	407	TMhelix	343	365
2737841695	407	inside	366	371
2737841695	407	TMhelix	372	394
2737841695	407	outside	395	407
2737841696	328	inside	1	268
2737841696	328	TMhelix	269	291
2737841696	328	outside	292	300
2737841696	328	TMhelix	301	321
2737841696	328	inside	322	328
2737841697	255	outside	1	255
2737841698	420	outside	1	420
2737841699	249	outside	1	249
2737841700	326	outside	1	326
2737841701	130	outside	1	130
2737841702	313	outside	1	313
2737841703	390	outside	1	390
2737841704	56	outside	1	56
2737841705	126	outside	1	126
2737841706	461	outside	1	461
2737841707	69	inside	1	6
2737841707	69	TMhelix	7	29
2737841707	69	outside	30	32
2737841707	69	TMhelix	33	55
2737841707	69	inside	56	69
2737841708	1042	outside	1	323
2737841708	1042	TMhelix	324	343
2737841708	1042	inside	344	349
2737841708	1042	TMhelix	350	372
2737841708	1042	outside	373	376
2737841708	1042	TMhelix	377	399
2737841708	1042	inside	400	421
2737841708	1042	TMhelix	422	444
2737841708	1042	outside	445	453
2737841708	1042	TMhelix	454	476
2737841708	1042	inside	477	524
2737841708	1042	TMhelix	525	547
2737841708	1042	outside	548	884
2737841708	1042	TMhelix	885	902
2737841708	1042	inside	903	903
2737841708	1042	TMhelix	904	926
2737841708	1042	outside	927	935
2737841708	1042	TMhelix	936	958
2737841708	1042	inside	959	978
2737841708	1042	TMhelix	979	1001
2737841708	1042	outside	1002	1010
2737841708	1042	TMhelix	1011	1033
2737841708	1042	inside	1034	1042
2737841709	639	outside	1	639
2737841710	200	outside	1	200
2737841711	74	outside	1	74
2737841712	400	outside	1	134
2737841712	400	TMhelix	135	157
2737841712	400	inside	158	186
2737841712	400	TMhelix	187	209
2737841712	400	outside	210	228
2737841712	400	TMhelix	229	246
2737841712	400	inside	247	281
2737841712	400	TMhelix	282	301
2737841712	400	outside	302	320
2737841712	400	TMhelix	321	343
2737841712	400	inside	344	400
2737841713	118	outside	1	118
2737841714	90	outside	1	90
2737841715	867	outside	1	867
2737841716	345	outside	1	345
2737841717	63	outside	1	63
2737841718	392	outside	1	392
2737841719	360	outside	1	360
2737841720	259	outside	1	259
