gene_oid	gene_length	query_start	query_end	subj_start	subj_end	evalue	bit_score	pfam_id	pfam_name	pfam_length
2737840564	60	4	58	1	47	4.9e-12	46	pfam01266	DAO	336
2737840565	366	66	363	78	339	2.1e-55	187.9	pfam00465	Fe-ADH	364
2737840566	270	80	270	2	178	2.2e-15	56.7	pfam00528	BPD_transp_1	185
2737840567	316	26	274	1	241	2.8e-63	213.6	pfam12974	Phosphonate-bd	243
2737840568	288	31	191	1	137	7.9e-30	104	pfam00005	ABC_tran	137
2737840570	186	1	108	426	534	8.5e-20	70.7	pfam02705	K_trans	534
2737840571	493	10	489	3	398	4.1e-81	273.1	pfam08811	DUF1800	433
2737840572	367	31	367	2	381	4.4e-30	104.9	pfam07394	DUF1501	392
2737840573	1007	72	170	2	85	2.9e-16	59.7	pfam03477	ATP-cone	86
2737840573	1007	327	402	2	80	6.9e-21	73.9	pfam00317	Ribonuc_red_lgN	83
2737840573	1007	405	944	1	523	0.0e+00	605.5	pfam02867	Ribonuc_red_lgC	524
2737840574	122	15	122	2	106	2.4e-33	115.7	pfam00268	Ribonuc_red_sm	278
2737840575	186	3	114	332	430	3.4e-15	55.8	pfam00384	Molybdopterin	432
2737840576	360	30	349	2	298	4.3e-123	410.3	pfam00146	NADHdh	299
2737840577	169	69	123	1	51	1.7e-11	44.4	pfam12838	Fer4_7	52
2737840578	211	18	164	2	137	3.0e-32	111.2	pfam00499	Oxidored_q3	137
2737840579	103	8	102	3	103	7.3e-22	76.9	pfam00420	Oxidored_q2	105
2737840580	262	73	130	1	58	1.6e-27	95.2	pfam00662	Proton_antipo_N	58
2737840580	262	142	262	1	109	6.3e-29	101	pfam00361	Proton_antipo_M	293
2737840581	353	6	330	19	305	1.5e-68	231.4	pfam00933	Glyco_hydro_3	319
2737840582	135	4	125	1	114	6.8e-21	74.4	pfam01648	ACPS	114
2737840583	249	9	247	2	233	2.3e-88	295.1	pfam03740	PdxJ	234
2737840584	249	1	82	5	78	6.3e-21	74	pfam11967	RecO_N	80
2737840584	249	84	241	3	156	3.9e-14	52.6	pfam02565	RecO_C	157
2737840585	279	1	102	14	114	1.8e-13	50.4	pfam01926	MMR_HSR1	114
2737840585	279	186	267	1	77	2.4e-17	62.4	pfam07650	KH_2	78
2737840586	236	1	228	15	236	1.0e-72	244.5	pfam02634	FdhD-NarQ	237
2737840587	851	279	397	2	106	4.6e-06	26.5	pfam02687	FtsX	121
2737840587	851	727	842	3	119	5.9e-08	32.6	pfam02687	FtsX	121
2737840588	440	17	283	1	314	3.2e-72	243.6	pfam00580	UvrD-helicase	315
2737840588	440	288	440	1	151	8.1e-36	124	pfam13361	UvrD_C	349
2737840589	325	3	321	3	327	3.5e-60	203.7	pfam00478	IMPDH	345
2737840590	185	1	184	32	207	5.3e-19	68.3	pfam03466	LysR_substrate	209
2737840591	143	1	131	101	224	1.4e-30	106.4	pfam01311	Bac_export_1	230
2737840592	383	7	347	2	330	2.3e-119	398.4	pfam01312	Bac_export_2	330
2737840596	147	77	128	15	53	5.7e-04	20.4	pfam13432	TPR_16	68
2737840597	157	107	148	2	42	4.0e-16	58.4	pfam02954	HTH_8	42
2737840598	330	39	174	4	135	3.9e-13	49.6	pfam00892	EamA	137
2737840598	330	188	326	2	136	1.1e-16	61.1	pfam00892	EamA	137
2737840599	574	99	193	1	90	3.1e-25	88.4	pfam16655	PhoD_N	90
2737840599	574	206	543	2	350	1.1e-96	323.8	pfam09423	PhoD	350
2737840600	207	25	71	6	44	3.0e-15	55.6	pfam00440	TetR_N	47
2737840601	140	1	140	4	141	8.4e-22	78.1	pfam00582	Usp	141
2737840603	1029	662	762	16	84	2.0e-04	21.9	pfam00059	Lectin_C	108
2737840604	260	45	150	1	105	6.6e-36	122.5	pfam11987	IF-2	105
2737840605	124	12	113	3	104	4.0e-28	97.8	pfam02033	RBFA	104
2737840606	326	35	186	1	149	5.7e-55	185.6	pfam01509	TruB_N	149
2737840606	326	187	246	1	49	2.1e-14	53.3	pfam16198	TruB_C_2	64
2737840607	352	3	200	1	193	7.2e-57	191.9	pfam00009	GTP_EFTU	194
2737840607	352	223	294	1	74	5.9e-09	36.1	pfam03144	GTP_EFTU_D2	74
2737840608	293	21	292	1	279	3.1e-85	286.5	pfam00012	HSP70	599
2737840609	172	92	165	1	75	2.3e-14	53.5	pfam07743	HSCB_C	76
2737840610	107	1	103	1	111	1.5e-20	73.3	pfam01521	Fe-S_biosyn	111
2737840611	128	2	128	1	126	8.2e-57	190.8	pfam01592	NifU_N	129
2737840612	405	8	370	1	370	1.5e-81	274.1	pfam00266	Aminotran_5	371
2737840613	178	1	83	1	82	7.5e-27	93.4	pfam02082	Rrf2	83
2737840614	46	1	30	7	34	5.4e-08	32.2	pfam02151	UVR	36
2737840615	621	84	259	2	177	3.2e-62	209	pfam00912	Transgly	178
2737840615	621	345	449	1	112	2.2e-22	79.8	pfam17092	PCB_OB	112
2737840615	621	451	621	1	191	5.4e-27	94.7	pfam00905	Transpeptidase	306
2737840618	57	1	57	334	391	9.6e-05	21.3	pfam02388	FemAB	408
2737840620	312	6	311	6	125	1.0e-08	34.8	pfam00389	2-Hacid_dh	134
2737840620	312	104	285	1	177	6.5e-27	93.9	pfam02826	2-Hacid_dh_C	178
2737840621	322	28	83	8	55	2.6e-17	62	pfam13677	MotB_plug	58
2737840621	322	215	313	1	92	5.9e-13	48.9	pfam00691	OmpA	95
2737840622	287	122	243	19	118	2.9e-11	43.1	pfam01618	MotA_ExbB	124
2737840623	186	32	119	5	66	1.1e-06	28.4	pfam00270	DEAD	176
2737840624	72	18	63	7	47	7.8e-11	41.7	pfam04325	DUF465	48
2737840626	365	1	356	1	360	2.0e-124	415	pfam03969	AFG1_ATPase	362
2737840627	268	1	130	165	292	2.0e-30	105.9	pfam07992	Pyr_redox_2	292
2737840627	268	149	258	1	110	2.6e-37	127.3	pfam02852	Pyr_redox_dim	110
2737840628	324	20	274	13	227	9.2e-39	133.4	pfam13531	SBP_bac_11	230
2737840629	287	83	282	2	181	6.2e-27	94.4	pfam00528	BPD_transp_1	185
2737840630	305	85	281	2	176	7.2e-15	55.1	pfam00528	BPD_transp_1	185
2737840631	331	18	165	1	136	8.5e-38	129.8	pfam00005	ABC_tran	137
2737840632	438	126	416	139	398	2.0e-28	99.1	pfam00148	Oxidored_nitro	399
2737840633	517	69	460	1	395	5.3e-46	157	pfam00148	Oxidored_nitro	399
2737840634	133	1	101	165	267	4.8e-14	52.3	pfam00142	Fer4_NifH	271
2737840635	87	1	79	234	312	2.3e-24	85.8	pfam01032	FecCD	312
2737840636	257	23	171	1	137	1.1e-28	100.4	pfam00005	ABC_tran	137
2737840637	83	8	68	1	60	2.8e-14	53	pfam00462	Glutaredoxin	60
2737840638	211	8	192	3	185	1.9e-46	158.8	pfam11445	DUF2894	187
2737840639	216	91	195	1	95	3.9e-17	62.3	pfam00691	OmpA	95
2737840641	287	10	76	3	50	2.4e-06	27.3	pfam00111	Fer2	78
2737840641	287	89	163	1	74	7.9e-29	99.3	pfam01799	Fer2_2	75
2737840641	287	208	287	5	77	3.8e-15	55.9	pfam00941	FAD_binding_5	171
2737840642	117	3	116	1	110	6.0e-34	116.9	pfam00576	Transthyretin	110
2737840643	241	25	87	2	64	2.6e-15	55.7	pfam00392	GntR	64
2737840643	241	97	220	1	124	2.7e-23	82.6	pfam07729	FCD	125
2737840644	316	69	189	14	102	4.5e-10	39.3	pfam01522	Polysacc_deac_1	124
2737840645	89	9	89	1	80	6.8e-19	68.7	pfam09349	OHCU_decarbox	155
2737840647	438	18	433	2	408	2.3e-96	322.9	pfam03486	HI0933_like	409
2737840648	110	5	108	2	103	1.2e-35	121.4	pfam00085	Thioredoxin	104
2737840649	420	5	47	1	43	3.0e-15	55.7	pfam07498	Rho_N	43
2737840649	420	51	125	2	73	3.0e-29	100.6	pfam07497	Rho_RNA_bind	73
2737840649	420	158	365	3	211	8.3e-23	81	pfam00006	ATP-synt_ab	213
2737840650	86	1	80	1	67	1.1e-26	92.7	pfam01197	Ribosomal_L31	67
2737840652	116	13	116	5	102	1.8e-14	53.6	pfam00108	Thiolase_N	260
2737840653	617	45	477	2	421	1.3e-59	201.7	pfam00501	AMP-binding	423
2737840654	269	20	267	2	245	1.9e-40	138.7	pfam00378	ECH_1	251
2737840655	325	1	130	149	272	8.4e-44	149.9	pfam02934	GatB_N	273
2737840655	325	169	323	2	148	3.0e-49	166.6	pfam02637	GatB_Yqey	148
2737840656	337	81	332	3	217	3.7e-37	128	pfam01557	FAA_hydrolase	218
2737840657	275	22	73	1	51	1.3e-13	50.3	pfam09339	HTH_IclR	52
2737840657	275	136	270	3	128	1.4e-08	34.5	pfam01614	IclR	129
2737840658	420	163	406	28	220	2.3e-13	50.5	pfam11306	DUF3108	223
2737840659	103	11	103	1	88	1.4e-36	124.3	pfam12091	DUF3567	88
2737840660	372	43	365	1	313	7.1e-81	271.5	pfam05145	AmoA	314
2737840661	444	18	440	12	404	1.1e-91	307.4	pfam00202	Aminotran_3	406
2737840662	282	4	63	1	47	1.5e-06	27.7	pfam01842	ACT	67
2737840662	282	86	263	1	181	1.1e-37	129.4	pfam00551	Formyl_trans_N	181
2737840663	291	10	67	4	59	1.0e-15	57.3	pfam00126	HTH_1	60
2737840663	291	88	291	5	208	1.8e-31	109	pfam03466	LysR_substrate	209
2737840664	502	59	198	1	138	5.7e-36	123.2	pfam01565	FAD_binding_4	139
2737840664	502	233	474	1	250	1.9e-64	217.6	pfam02913	FAD-oxidase_C	250
2737840665	155	34	92	1	59	1.5e-11	43.9	pfam01047	MarR	59
2737840666	110	32	110	3	71	3.3e-18	65.9	pfam01494	FAD_binding_3	356
2737840667	115	1	115	1	109	6.1e-40	137.7	pfam04168	Alpha-E	293
2737840668	483	80	459	1	375	0.0e+00	543.2	pfam14403	CP_ATPgrasp_2	375
2737840669	603	1	298	20	267	3.2e-45	154.4	pfam03772	Competence	271
2737840669	603	328	444	2	65	3.5e-06	27.1	pfam00753	Lactamase_B	197
2737840671	207	32	78	1	45	2.2e-11	43.2	pfam00440	TetR_N	47
2737840672	303	36	279	1	241	3.5e-43	147.8	pfam00696	AA_kinase	241
2737840673	305	1	305	1	285	6.1e-108	360.1	pfam04321	RmlD_sub_bind	287
2737840674	355	5	325	1	332	5.0e-101	338.3	pfam16363	GDP_Man_Dehyd	332
2737840675	99	21	99	1	77	4.3e-16	59.5	pfam00005	ABC_tran	137
2737840676	255	23	183	2	136	1.4e-28	100	pfam00005	ABC_tran	137
2737840676	255	230	252	1	23	3.0e-07	30	pfam12399	BCA_ABC_TP_C	23
2737840677	336	36	312	5	266	9.3e-40	136.3	pfam02653	BPD_transp_2	268
2737840678	287	9	278	2	268	3.4e-39	134.5	pfam02653	BPD_transp_2	268
2737840679	102	3	90	1	89	1.9e-18	66	pfam00355	Rieske	89
2737840680	161	20	155	3	143	1.7e-10	41	pfam00866	Ring_hydroxyl_B	144
2737840682	66	3	57	43	91	2.1e-10	40.6	pfam02537	CRCB	92
2737840684	84	1	82	3	75	2.4e-11	43.2	pfam14451	Ub-Mut7C	81
2737840685	446	2	322	2	277	1.4e-48	165.5	pfam07992	Pyr_redox_2	292
2737840686	615	5	205	1	198	8.5e-79	263.9	pfam02730	AFOR_N	198
2737840686	615	219	615	7	382	1.9e-124	415.4	pfam01314	AFOR_C	382
2737840687	158	5	25	2	18	1.0e-05	25	pfam00037	Fer4	24
2737840687	158	44	136	6	99	2.1e-15	56.5	pfam13247	Fer4_11	100
2737840689	770	1	53	1	52	6.9e-08	32	pfam04760	IF2_N	54
2737840689	770	61	99	1	39	8.8e-14	51.4	pfam08364	IF2_assoc	39
2737840689	770	420	471	1	54	1.4e-14	53.5	pfam04760	IF2_N	54
2737840689	770	497	661	5	190	2.2e-34	118.6	pfam00009	GTP_EFTU	194
2737840690	494	4	127	1	121	2.4e-31	108.5	pfam08529	NusA_N	121
2737840690	494	232	300	1	68	1.0e-26	92.6	pfam13184	KH_5	69
2737840690	494	431	487	2	57	2.1e-07	31.3	pfam14520	HHH_5	57
2737840691	189	6	138	1	101	7.5e-23	80.8	pfam02576	DUF150	139
2737840692	158	2	80	80	137	5.0e-12	46.4	pfam00005	ABC_tran	137
2737840693	218	4	55	2	51	2.3e-16	59.2	pfam09339	HTH_IclR	52
2737840693	218	119	218	4	90	9.6e-09	35	pfam01614	IclR	129
2737840694	348	4	121	3	120	1.8e-24	86.7	pfam01408	GFO_IDH_MocA	120
2737840694	348	133	236	3	94	1.6e-11	44.1	pfam02894	GFO_IDH_MocA_C	116
2737840695	272	22	105	1	83	7.3e-12	45.3	pfam08501	Shikimate_dh_N	83
2737840695	272	125	176	16	52	3.3e-07	29.8	pfam00899	ThiF	244
2737840696	610	33	585	1	417	6.8e-84	282.2	pfam00890	FAD_binding_2	417
2737840698	879	173	319	2	146	4.7e-29	101.2	pfam08335	GlnD_UR_UTase	147
2737840698	879	458	590	2	98	5.2e-07	29.8	pfam01966	HD	122
2737840699	271	12	246	1	209	8.2e-57	192.1	pfam00557	Peptidase_M24	209
2737840700	573	454	573	2	114	2.5e-17	63.3	pfam02769	AIRS_C	156
2737840702	271	1	112	1	115	2.8e-24	85.8	pfam01149	Fapy_DNA_glyco	115
2737840702	271	130	221	1	90	1.7e-24	85.5	pfam06831	H2TH	92
2737840702	271	242	271	1	29	8.7e-12	44.5	pfam06827	zf-FPG_IleRS	30
2737840703	342	37	172	2	103	2.0e-18	66.7	pfam00730	HhH-GPD	108
2737840703	342	101	130	1	30	1.7e-06	27.4	pfam00633	HHH	30
2737840703	342	238	342	5	109	4.8e-20	71.4	pfam14815	NUDIX_4	110
2737840704	286	1	284	1	282	9.9e-91	303.8	pfam03668	ATP_bind_2	284
2737840706	217	8	217	2	211	1.9e-31	109.3	pfam07992	Pyr_redox_2	292
2737840707	793	19	203	1	171	6.4e-51	172.3	pfam13491	FtsK_4TM	171
2737840707	793	413	623	2	243	9.8e-64	214.9	pfam01580	FtsK_SpoIIIE	243
2737840707	793	727	789	2	62	2.4e-27	94.4	pfam09397	Ftsk_gamma	63
2737840708	113	39	113	3	70	1.3e-17	63.9	pfam03548	LolA	165
2737840709	224	70	224	3	143	6.3e-37	126.9	pfam03193	DUF258	167
2737840710	103	7	100	2	86	5.3e-25	87.3	pfam01329	Pterin_4a	87
2737840711	419	29	207	1	182	7.2e-50	169.3	pfam16491	Peptidase_M48_N	182
2737840711	419	210	419	1	193	7.4e-38	130.2	pfam01435	Peptidase_M48	196
2737840712	196	24	186	1	164	3.6e-32	112	pfam00929	RNase_T	165
2737840714	684	87	307	1	174	2.1e-41	141.5	pfam00270	DEAD	176
2737840714	684	346	455	12	111	2.9e-24	85.4	pfam00271	Helicase_C	111
2737840715	127	2	115	1	111	1.3e-46	157	pfam01245	Ribosomal_L19	111
2737840716	265	22	226	3	195	1.8e-48	164.7	pfam01746	tRNA_m1G_MT	195
2737840717	202	16	117	1	83	2.5e-23	82	pfam01782	RimM	84
2737840717	202	123	199	1	73	2.3e-07	30.7	pfam05239	PRC	79
2737840718	83	8	68	1	60	1.1e-21	76.5	pfam00886	Ribosomal_S16	60
2737840719	173	4	159	1	152	2.2e-24	86.3	pfam13420	Acetyltransf_4	153
2737840721	161	12	139	1	112	3.0e-35	121	pfam01288	HPPK	112
2737840722	130	1	80	49	116	6.7e-19	68	pfam12626	PolyA_pol_arg_C	120
2737840723	69	1	60	357	416	7.5e-13	47.9	pfam06808	DctM	416
2737840724	428	178	393	1	218	1.1e-42	146.1	pfam13378	MR_MLE_C	219
2737840725	525	16	90	1	60	1.9e-06	28.3	pfam08666	SAF	63
2737840725	525	116	524	2	390	0.0e+00	460.3	pfam04295	GD_AH_C	392
2737840727	653	140	253	2	113	1.6e-16	60.2	pfam00989	PAS	113
2737840727	653	409	479	2	61	2.2e-09	37	pfam00512	HisKA	64
2737840727	653	521	641	2	110	7.0e-16	58.7	pfam02518	HATPase_c	111
2737840728	208	10	120	1	111	4.8e-27	94.2	pfam00072	Response_reg	112
2737840728	208	144	200	2	56	1.6e-19	69	pfam00196	GerE	57
2737840729	283	5	120	1	116	4.4e-42	142.9	pfam00763	THF_DHG_CYH	116
2737840729	283	123	282	2	159	3.1e-70	234.5	pfam02882	THF_DHG_CYH_C	160
2737840732	395	12	349	5	352	1.2e-36	126.2	pfam07690	MFS_1	353
2737840733	165	4	108	1	104	9.2e-39	131.6	pfam00436	SSB	104
2737840734	381	12	381	3	361	2.3e-116	389.2	pfam11902	DUF3422	419
2737840735	214	1	188	238	433	7.7e-28	97.3	pfam00067	p450	463
2737840736	103	7	101	2	94	5.0e-35	119.3	pfam06127	DUF962	95
2737840737	417	38	288	3	255	8.3e-53	179.5	pfam03631	Virul_fac_BrkB	258
2737840738	135	18	120	2	103	1.4e-33	115.1	pfam09842	DUF2069	104
2737840739	480	49	189	2	136	3.2e-36	124	pfam01565	FAD_binding_4	139
2737840739	480	226	478	1	250	3.7e-51	174	pfam02913	FAD-oxidase_C	250
2737840741	432	7	422	2	415	6.6e-123	410.5	pfam06808	DctM	416
2737840742	183	23	153	1	130	1.2e-27	96.3	pfam04290	DctQ	132
2737840743	257	6	68	6	64	5.5e-15	54.6	pfam00392	GntR	64
2737840743	257	97	219	1	122	2.1e-23	83	pfam07729	FCD	125
2737840744	578	45	560	1	516	0.0e+00	574.9	pfam00920	ILVD_EDD	516
2737840745	335	3	212	1	195	1.2e-19	70.6	pfam01370	Epimerase	241
2737840746	307	7	307	3	301	2.8e-59	200.8	pfam00294	PfkB	302
2737840747	282	27	154	1	118	2.8e-37	127.1	pfam00116	COX2	120
2737840747	282	185	259	3	66	5.9e-13	48.8	pfam13442	Cytochrome_CBB3	67
2737840748	538	33	475	1	425	0.0e+00	505.5	pfam00115	COX1	426
2737840750	208	28	181	1	151	1.7e-50	170.8	pfam04442	CtaG_Cox11	151
2737840751	75	14	69	2	56	3.5e-22	77.9	pfam11174	DUF2970	56
2737840752	293	10	124	3	110	4.5e-09	36.4	pfam00510	COX3	258
2737840752	293	119	293	93	255	1.5e-49	169	pfam00510	COX3	258
2737840753	79	1	70	1	60	1.5e-24	85.6	pfam11137	DUF2909	60
2737840754	248	18	227	4	175	7.4e-34	117.4	pfam02104	SURF1	176
2737840756	239	32	239	1	200	1.4e-37	129.2	pfam00497	SBP_bac_3	225
2737840757	312	3	62	2	60	4.3e-16	58.5	pfam00126	HTH_1	60
2737840757	312	89	308	9	204	2.3e-19	69.5	pfam03466	LysR_substrate	209
2737840758	393	1	107	169	272	1.4e-15	57.6	pfam00664	ABC_membrane	274
2737840758	393	170	319	1	137	1.6e-33	116	pfam00005	ABC_tran	137
2737840759	311	30	307	1	291	8.6e-54	183.2	pfam04909	Amidohydro_2	291
2737840761	112	3	32	1	29	4.6e-13	48.7	pfam08274	PhnA_Zn_Ribbon	30
2737840761	112	45	112	2	69	6.3e-34	115.5	pfam03831	PhnA	69
2737840763	304	24	257	4	219	1.0e-39	136	pfam00348	polyprenyl_synt	257
2737840764	404	56	128	2	66	5.4e-10	39	pfam16864	Dimerisation2	89
2737840764	404	139	376	5	226	3.8e-39	134.1	pfam00891	Methyltransf_2	227
2737840766	233	37	233	2	197	3.0e-78	262.9	pfam00142	Fer4_NifH	271
2737840768	174	32	157	2	132	3.6e-28	98.3	pfam01029	NusB	134
2737840769	168	16	149	2	139	7.5e-46	155.3	pfam00885	DMRL_synthase	141
2737840770	375	16	207	1	192	3.0e-78	261.6	pfam00926	DHBP_synthase	192
2737840770	375	216	373	5	163	4.3e-36	123.8	pfam00925	GTP_cyclohydro2	163
2737840771	216	3	91	1	86	1.2e-14	53.9	pfam00677	Lum_binding	87
2737840771	216	104	192	1	87	3.3e-24	84.5	pfam00677	Lum_binding	87
2737840772	192	26	86	1	60	1.5e-29	101.7	pfam07879	PHB_acc_N	61
2737840772	192	90	129	1	39	8.5e-14	51.2	pfam05233	PHB_acc	40
2737840772	192	135	174	1	40	5.9e-07	29.3	pfam05233	PHB_acc	40
2737840773	293	14	112	1	83	1.9e-18	66.2	pfam00919	UPF0004	98
2737840773	293	157	293	3	121	9.4e-17	61.8	pfam04055	Radical_SAM	167
2737840774	224	5	224	1	220	4.0e-102	340.9	pfam13292	DXP_synthase_N	273
2737840775	301	30	284	4	239	1.2e-56	191.6	pfam00348	polyprenyl_synt	257
2737840776	84	21	72	1	51	1.9e-18	66.1	pfam02609	Exonuc_VII_S	52
2737840777	375	38	139	5	82	5.4e-10	39	pfam00355	Rieske	89
2737840777	375	169	374	10	213	5.1e-34	118	pfam00848	Ring_hydroxyl_A	214
2737840779	32	1	29	38	65	1.7e-07	31.4	pfam17136	ribosomal_L24	65
2737840780	179	24	80	1	57	2.4e-27	94.9	pfam00281	Ribosomal_L5	57
2737840780	179	84	177	1	94	1.1e-38	131.2	pfam00673	Ribosomal_L5_C	94
2737840781	101	47	100	2	54	4.9e-25	86.9	pfam00253	Ribosomal_S14	54
2737840782	131	5	131	1	126	1.4e-48	163.9	pfam00410	Ribosomal_S8	127
2737840783	177	11	82	1	76	4.4e-15	56	pfam00347	Ribosomal_L6	76
2737840783	177	90	165	1	75	4.6e-19	68.7	pfam00347	Ribosomal_L6	76
2737840784	121	2	121	2	116	8.9e-34	116.2	pfam00861	Ribosomal_L18p	116
2737840785	172	17	81	1	64	8.6e-25	86.4	pfam00333	Ribosomal_S5	65
2737840785	172	92	163	1	72	1.8e-30	104.1	pfam03719	Ribosomal_S5_C	72
2737840786	60	7	57	2	52	3.6e-17	61.9	pfam00327	Ribosomal_L30	52
2737840787	143	27	143	2	119	4.5e-30	104.7	pfam00828	Ribosomal_L27A	121
2737840788	121	74	121	1	47	3.2e-19	69.1	pfam00344	SecY	307
2737840789	66	1	59	126	185	1.1e-14	54.6	pfam01812	5-FTHF_cyc-lig	187
2737840790	209	16	62	1	45	1.1e-14	53.8	pfam00440	TetR_N	47
2737840791	333	34	236	6	196	6.8e-14	52.2	pfam00753	Lactamase_B	197
2737840793	467	11	260	1	124	2.5e-19	70	pfam12804	NTP_transf_3	160
2737840793	467	290	324	3	35	9.3e-04	18.7	pfam00132	Hexapep	36
2737840793	467	328	363	2	35	5.5e-08	32.1	pfam00132	Hexapep	36
2737840793	467	405	440	2	36	5.6e-06	25.7	pfam00132	Hexapep	36
2737840794	342	4	342	1	334	0.0e+00	513.9	pfam00012	HSP70	599
2737840795	196	17	194	9	165	1.0e-47	161.8	pfam01025	GrpE	166
2737840796	116	18	113	3	94	2.2e-34	117.5	pfam00254	FKBP_C	94
2737840797	389	175	363	82	217	1.1e-08	34.9	pfam01557	FAA_hydrolase	218
2737840798	176	69	128	1	62	2.3e-11	43.3	pfam12802	MarR_2	62
2737840799	597	57	179	5	113	2.7e-10	40.8	pfam02771	Acyl-CoA_dh_N	113
2737840799	597	183	292	2	96	7.7e-18	64.4	pfam02770	Acyl-CoA_dh_M	97
2737840799	597	301	474	1	144	9.6e-18	64.7	pfam00441	Acyl-CoA_dh_1	150
2737840800	333	51	329	18	273	3.7e-57	193.3	pfam03401	TctC	274
2737840801	139	19	109	2	78	6.5e-08	32.7	pfam03061	4HBT	79
2737840802	154	1	106	99	191	1.4e-22	79.9	pfam00106	adh_short	195
2737840804	129	24	124	2	99	8.2e-32	109	pfam01219	DAGK_prokar	102
2737840805	199	54	184	1	129	5.1e-41	139.7	pfam03641	Lysine_decarbox	132
2737840806	112	4	105	1	102	3.5e-44	149.4	pfam00543	P-II	102
2737840807	541	2	238	17	251	3.2e-25	88.8	pfam00795	CN_hydrolase	261
2737840807	541	261	516	2	241	1.4e-70	237	pfam02540	NAD_synthase	242
2737840808	395	16	393	3	370	0.0e+00	470.4	pfam04339	FemAB_like	370
2737840809	121	1	120	125	244	1.6e-05	24.2	pfam00923	TAL_FSA	287
2737840811	145	54	129	1	78	2.6e-12	46.8	pfam03061	4HBT	79
2737840812	267	12	267	3	251	1.4e-58	198	pfam00378	ECH_1	251
2737840813	271	22	271	5	249	2.0e-79	266.4	pfam00378	ECH_1	251
2737840815	661	2	24	2	24	1.6e-06	27.6	pfam13018	ESPR	24
2737840815	661	61	176	18	120	4.2e-22	78.2	pfam05860	Haemagg_act	121
2737840816	559	41	115	2	76	1.2e-16	60.2	pfam08479	POTRA_2	76
2737840817	136	9	135	5	128	2.3e-22	79.4	pfam02472	ExbD	130
2737840818	216	56	195	4	123	2.4e-37	127.4	pfam01618	MotA_ExbB	124
2737840819	252	170	248	2	79	1.3e-19	70.2	pfam03544	TonB_C	79
2737840821	232	9	119	1	109	6.2e-22	77.7	pfam00072	Response_reg	112
2737840821	232	148	225	3	77	1.2e-08	34.8	pfam00486	Trans_reg_C	77
2737840823	220	1	197	86	267	7.6e-22	77.6	pfam02653	BPD_transp_2	268
2737840824	380	48	336	3	286	1.2e-54	185.2	pfam02608	Bmp	302
2737840825	128	12	126	8	120	1.3e-29	102.6	pfam01042	Ribonuc_L-PSP	121
2737840826	511	71	435	3	357	2.3e-67	227.4	pfam00496	SBP_bac_5	377
2737840827	322	121	321	1	185	6.1e-43	146.6	pfam00528	BPD_transp_1	185
2737840828	280	91	278	1	184	1.2e-25	90.2	pfam00528	BPD_transp_1	185
2737840829	206	32	197	2	136	1.7e-27	96.5	pfam00005	ABC_tran	137
2737840830	169	1	160	10	156	8.9e-17	60.8	pfam03328	HpcH_HpaI	221
2737840831	328	6	156	1	135	2.1e-34	118.5	pfam00056	Ldh_1_N	141
2737840831	328	159	327	2	160	6.8e-32	110.6	pfam02866	Ldh_1_C	167
2737840832	261	27	90	1	64	2.1e-20	72	pfam00392	GntR	64
2737840832	261	115	255	7	140	1.3e-32	112.4	pfam07702	UTRA	141
2737840833	143	5	135	8	121	1.7e-25	89.3	pfam01127	Sdh_cyt	121
2737840834	122	7	112	22	95	2.4e-11	43.6	pfam01127	Sdh_cyt	121
2737840835	601	14	409	1	417	4.9e-118	394.7	pfam00890	FAD_binding_2	417
2737840835	601	463	601	2	127	2.0e-37	127.9	pfam02910	Succ_DH_flav_C	128
2737840836	234	5	109	1	108	2.8e-31	107.6	pfam13085	Fer2_3	109
2737840836	234	144	217	1	61	1.7e-09	38	pfam13534	Fer4_17	61
2737840837	102	26	100	2	69	2.1e-16	59.5	pfam03937	Sdh5	73
2737840838	432	50	419	3	362	2.5e-126	421.5	pfam00285	Citrate_synt	362
2737840839	483	7	474	1	462	0.0e+00	526.2	pfam00330	Aconitase	462
2737840840	217	1	133	1	130	3.2e-37	127.7	pfam00694	Aconitase_C	131
2737840841	356	2	351	1	348	0.0e+00	440.2	pfam00180	Iso_dh	348
2737840842	208	4	123	2	121	1.4e-25	89.9	pfam01118	Semialdhyde_dh	121
2737840842	208	145	203	3	37	5.1e-09	36.3	pfam02774	Semialdhyde_dhC	184
2737840846	321	1	39	55	89	3.8e-11	43.4	pfam13167	GTP-bdg_N	89
2737840846	321	41	120	1	79	2.0e-28	98.7	pfam16360	GTP-bdg_M	79
2737840846	321	127	247	2	114	7.1e-22	77.5	pfam01926	MMR_HSR1	114
2737840847	456	10	82	1	47	2.1e-10	40.3	pfam12221	HflK_N	47
2737840847	456	132	321	2	176	3.6e-26	92.1	pfam01145	Band_7	178
2737840848	299	23	229	2	174	3.4e-28	98.7	pfam01145	Band_7	178
2737840849	62	6	61	1	56	2.4e-18	65.7	pfam09838	DUF2065	56
2737840850	72	9	72	1	62	1.5e-21	76.9	pfam13393	tRNA-synt_His	310
2737840853	417	122	280	33	149	1.3e-07	31	pfam03783	CsgG	210
2737840855	310	2	306	4	298	2.3e-30	105.8	pfam00294	PfkB	302
2737840856	314	35	301	1	268	6.0e-42	143.5	pfam02653	BPD_transp_2	268
2737840857	321	30	286	2	258	1.7e-54	185	pfam13407	Peripla_BP_4	258
2737840858	335	5	195	2	189	2.3e-63	213	pfam00316	FBPase	189
2737840859	907	18	396	12	389	8.0e-63	212.9	pfam01433	Peptidase_M1	389
2737840859	907	482	862	2	367	0.0e+00	455.1	pfam11940	DUF3458	367
2737840860	98	1	70	41	116	1.5e-17	63.5	pfam00472	RF-1	116
2737840862	223	102	222	2	122	2.6e-43	146.7	pfam04002	RadC	122
2737840863	147	1	144	5	94	2.3e-08	34.1	pfam00254	FKBP_C	94
2737840864	308	4	281	1	264	4.8e-92	307.8	pfam02401	LYTB	265
2737840865	436	1	112	1	108	7.0e-27	93.7	pfam02403	Seryl_tRNA_N	108
2737840865	436	228	411	6	179	1.4e-38	132.5	pfam00587	tRNA-synt_2b	179
2737840867	514	467	513	6	45	2.6e-04	20.8	pfam13188	PAS_8	67
2737840868	124	4	118	1	112	2.1e-26	92.1	pfam00072	Response_reg	112
2737840869	383	32	145	1	112	6.9e-29	100.1	pfam00072	Response_reg	112
2737840869	383	201	381	5	182	3.1e-60	202.8	pfam00211	Guanylate_cyc	183
2737840870	176	31	117	2	88	7.8e-11	42	pfam08447	PAS_3	89
2737840871	501	309	499	4	207	6.5e-44	150.1	pfam00015	MCPsignal	207
2737840872	129	2	128	1	129	1.6e-20	73	pfam01584	CheW	138
2737840873	317	26	280	1	245	6.6e-68	228.8	pfam08450	SGL	246
2737840874	321	27	307	6	283	2.0e-80	270.1	pfam03480	DctP	286
2737840875	162	24	154	2	131	5.0e-28	97.5	pfam04290	DctQ	132
2737840876	370	7	370	2	365	1.1e-87	294.4	pfam06808	DctM	416
2737840877	405	14	150	1	135	3.9e-48	163.1	pfam05222	AlaDh_PNT_N	136
2737840877	405	154	381	1	213	7.4e-73	244.2	pfam01262	AlaDh_PNT_C	214
2737840878	169	12	143	4	125	3.4e-13	49.6	pfam00293	NUDIX	131
2737840879	166	37	137	14	80	5.6e-10	39.5	pfam01832	Glucosaminidase	87
2737840880	239	1	127	64	199	4.1e-14	52.9	pfam00657	Lipase_GDSL	200
2737840881	647	27	270	4	131	7.8e-10	38.2	pfam12698	ABC2_membrane_3	345
2737840882	297	51	289	1	209	4.3e-19	69.9	pfam12697	Abhydrolase_6	212
2737840885	230	80	226	1	125	5.7e-33	114	pfam13478	XdhC_C	125
2737840886	403	3	311	2	294	6.0e-125	416.4	pfam06181	Urate_ox_N	297
2737840887	194	1	170	206	343	1.5e-26	93.5	pfam01979	Amidohydro_1	344
2737840888	202	24	163	2	161	4.4e-14	52.8	pfam00849	PseudoU_synth_2	161
2737840889	271	32	262	1	212	9.5e-17	62.2	pfam12697	Abhydrolase_6	212
2737840891	234	2	141	22	122	4.4e-13	49.1	pfam01522	Polysacc_deac_1	124
2737840892	320	134	279	1	133	1.5e-32	112.6	pfam04116	FA_hydroxylase	133
2737840893	321	7	220	2	176	1.5e-17	64.2	pfam07264	EI24	179
2737840894	271	6	182	2	138	3.2e-27	94.8	pfam00994	MoCF_biosynth	144
2737840895	471	16	97	1	83	3.5e-31	106.6	pfam03951	Gln-synt_N	83
2737840895	471	104	468	1	345	0.0e+00	452.2	pfam00120	Gln-synt_C	345
2737840896	354	130	194	3	60	2.6e-14	52.9	pfam00512	HisKA	64
2737840896	354	235	354	1	109	9.1e-13	48.6	pfam02518	HATPase_c	111
2737840898	176	25	172	1	136	1.0e-34	119.9	pfam00005	ABC_tran	137
2737840899	193	14	179	1	178	1.7e-25	90.3	pfam13472	Lipase_GDSL_2	179
2737840900	351	7	131	2	106	1.2e-08	35.3	pfam00581	Rhodanese	107
2737840902	262	67	191	3	126	4.4e-38	130.2	pfam09955	DUF2189	126
2737840903	345	1	339	58	382	1.8e-62	210.9	pfam01053	Cys_Met_Meta_PP	382
2737840904	83	1	83	3	79	5.5e-06	25.9	pfam06325	PrmA	296
2737840905	449	1	110	1	110	4.4e-44	149.4	pfam00289	Biotin_carb_N	110
2737840905	449	115	324	1	209	9.6e-80	266.9	pfam02786	CPSase_L_D2	211
2737840905	449	336	442	1	107	7.4e-40	135.3	pfam02785	Biotin_carb_C	108
2737840906	154	79	153	2	72	2.0e-22	78.6	pfam00364	Biotin_lipoyl	73
2737840907	180	44	161	8	121	7.7e-17	61.2	pfam00578	AhpC-TSA	124
2737840909	444	1	99	12	84	1.0e-06	28.8	pfam01225	Mur_ligase	88
2737840909	444	104	285	1	192	3.0e-21	76.2	pfam08245	Mur_ligase_M	192
2737840909	444	305	371	1	49	3.0e-10	40.1	pfam02875	Mur_ligase_C	91
2737840910	372	48	361	9	273	4.4e-105	350.3	pfam00793	DAHP_synth_1	275
2737840912	644	17	68	1	53	4.4e-10	39.4	pfam02861	Clp_N	53
2737840912	644	92	143	1	53	1.2e-08	34.8	pfam02861	Clp_N	53
2737840912	644	200	338	2	126	6.2e-13	49.2	pfam00004	AAA	132
2737840912	644	599	644	1	45	9.1e-11	42	pfam07724	AAA_2	171
2737840914	162	7	126	1	113	8.1e-35	119.3	pfam02391	MoaE	113
2737840915	83	5	83	1	77	2.2e-19	69.7	pfam02597	ThiS	77
2737840916	228	1	143	6	142	1.6e-26	92.6	pfam00994	MoCF_biosynth	144
2737840916	228	156	223	3	72	3.4e-13	49.4	pfam03454	MoeA_C	72
2737840917	906	4	170	1	167	2.1e-39	135.3	pfam02811	PHP	167
2737840917	906	292	743	2	426	0.0e+00	572.1	pfam07733	DNA_pol3_alpha	426
2737840917	906	816	906	1	89	2.8e-27	94.6	pfam14579	HHH_6	90
2737840918	231	13	225	2	209	1.4e-56	191.1	pfam04654	DUF599	210
2737840919	177	4	130	69	145	7.2e-11	41.9	pfam03358	FMN_red	155
2737840920	233	3	119	5	108	3.5e-36	123.3	pfam02678	Pirin	108
2737840921	283	10	69	3	60	3.8e-15	55.4	pfam00126	HTH_1	60
2737840921	283	93	283	4	191	1.6e-21	76.5	pfam03466	LysR_substrate	209
2737840923	724	218	324	2	101	2.2e-06	27.5	pfam01071	GARS_A	194
2737840924	774	193	470	2	268	1.1e-46	159.5	pfam00664	ABC_membrane	274
2737840924	774	532	681	2	137	1.7e-33	115.9	pfam00005	ABC_tran	137
2737840925	155	25	154	1	130	1.1e-43	148	pfam08909	DUF1854	130
2737840926	379	5	71	1	63	4.3e-27	93.9	pfam00226	DnaJ	63
2737840926	379	124	337	2	146	5.3e-40	136.8	pfam01556	DnaJ_C	146
2737840926	379	151	211	1	67	4.0e-15	55.8	pfam00684	DnaJ_CXXCXGXG	67
2737840927	94	1	57	543	598	1.5e-05	23.2	pfam00012	HSP70	599
2737840928	382	1	87	78	157	3.3e-22	79.2	pfam03446	NAD_binding_2	158
2737840928	382	92	380	1	289	4.3e-124	413.5	pfam00393	6PGD	289
2737840929	397	12	108	28	117	5.4e-15	55.5	pfam02746	MR_MLE_N	117
2737840929	397	155	385	3	217	2.1e-49	168	pfam13378	MR_MLE_C	219
2737840930	207	2	188	101	281	1.3e-60	205	pfam03480	DctP	286
2737840931	302	54	182	1	130	2.0e-55	186	pfam02812	ELFV_dehydrog_N	130
2737840931	302	200	302	1	105	9.7e-24	84.3	pfam00208	ELFV_dehydrog	243
2737840932	656	8	408	1	391	0.0e+00	540.5	pfam01134	GIDA	392
2737840932	656	410	635	2	183	4.7e-72	241.8	pfam13932	GIDA_assoc	184
2737840933	215	24	208	1	176	1.1e-51	174.6	pfam02527	GidB	184
2737840935	307	15	307	2	290	5.5e-128	426.4	pfam01406	tRNA-synt_1e	301
2737840936	170	98	137	4	42	1.2e-07	31.2	pfam13414	TPR_11	42
2737840937	231	37	229	2	157	7.6e-45	152.9	pfam00160	Pro_isomerase	159
2737840938	168	5	167	2	157	7.7e-45	152.9	pfam00160	Pro_isomerase	159
2737840940	345	11	314	8	307	7.7e-20	71.4	pfam01979	Amidohydro_1	344
2737840941	245	17	165	1	137	2.5e-34	118.6	pfam00005	ABC_tran	137
2737840942	222	36	220	1	183	1.2e-15	57.6	pfam00528	BPD_transp_1	185
2737840943	239	24	227	5	184	1.2e-14	54.4	pfam00528	BPD_transp_1	185
2737840944	89	1	54	177	224	3.9e-07	29.6	pfam00497	SBP_bac_3	225
2737840945	126	5	52	94	136	4.4e-11	43.3	pfam00005	ABC_tran	137
2737840946	247	19	155	2	129	7.8e-27	94	pfam14340	DUF4395	130
2737840947	329	135	294	5	152	3.5e-13	49.3	pfam00534	Glycos_transf_1	172
2737840948	422	33	179	1	126	2.3e-05	24.8	pfam12867	DinB_2	128
2737840948	422	219	341	20	129	2.7e-15	56.5	pfam03781	FGE-sulfatase	260
2737840948	422	340	412	189	259	4.3e-06	26.4	pfam03781	FGE-sulfatase	260
2737840949	324	196	319	1	125	5.1e-37	126.8	pfam10017	Methyltransf_33	126
2737840951	151	49	135	5	107	4.8e-17	62.3	pfam00581	Rhodanese	107
2737840952	206	45	141	1	97	1.4e-12	48	pfam13649	Methyltransf_25	97
2737840953	276	44	250	2	210	9.1e-38	130.2	pfam01774	UreD	213
2737840954	255	71	244	5	168	2.9e-21	75.9	pfam00528	BPD_transp_1	185
2737840955	272	28	175	2	136	6.1e-30	104.4	pfam00005	ABC_tran	137
2737840956	344	40	256	5	216	9.6e-37	126.9	pfam09084	NMT1	216
2737840957	174	1	128	92	211	3.8e-14	53.3	pfam05721	PhyH	211
2737840958	154	65	152	2	98	2.2e-10	40.5	pfam03473	MOSC	131
2737840959	498	43	159	1	123	1.8e-32	111.5	pfam05195	AMP_N	123
2737840959	498	213	475	2	209	4.5e-56	189.7	pfam00557	Peptidase_M24	209
2737840961	190	19	188	1	182	9.3e-21	74.1	pfam01292	Ni_hydr_CYTB	182
2737840963	398	18	129	1	113	3.2e-28	98.5	pfam02771	Acyl-CoA_dh_N	113
2737840963	398	133	232	1	97	4.7e-21	74.7	pfam02770	Acyl-CoA_dh_M	97
2737840963	398	244	392	5	148	6.9e-31	107.3	pfam00441	Acyl-CoA_dh_1	150
2737840964	219	25	71	1	47	1.2e-20	72.9	pfam00440	TetR_N	47
2737840964	219	91	188	15	96	9.2e-10	38.7	pfam16859	TetR_C_11	113
2737840965	377	63	286	16	205	2.8e-19	69.1	pfam16576	HlyD_D23	214
2737840966	515	3	514	2	489	0.0e+00	500.3	pfam00873	ACR_tran	1021
2737840967	131	5	75	1	69	2.0e-23	81.9	pfam00076	RRM_1	70
2737840968	604	20	104	1	75	2.1e-18	66	pfam01336	tRNA_anti-codon	76
2737840968	604	120	570	2	314	1.6e-106	355.9	pfam00152	tRNA-synt_2	314
2737840968	604	310	413	1	94	3.7e-24	84.7	pfam02938	GAD	95
2737840969	225	68	173	1	106	3.9e-37	126.2	pfam04367	DUF502	106
2737840970	321	5	172	235	348	2.8e-31	109	pfam13361	UvrD_C	349
2737840973	320	26	265	2	232	1.8e-36	126.2	pfam01636	APH	240
2737840974	473	12	178	2	159	1.9e-48	164.2	pfam02739	5_3_exonuc_N	159
2737840974	473	179	279	1	84	4.8e-23	81.4	pfam01367	5_3_exonuc	97
2737840974	473	354	473	2	113	3.6e-18	65.8	pfam01612	DNA_pol_A_exo1	175
2737840975	180	112	177	1	66	2.1e-27	94.8	pfam14743	DNA_ligase_OB_2	66
2737840976	375	6	116	1	113	2.5e-19	69.8	pfam02771	Acyl-CoA_dh_N	113
2737840976	375	121	211	6	96	1.5e-08	34.6	pfam02770	Acyl-CoA_dh_M	97
2737840976	375	219	368	4	148	1.1e-20	74.2	pfam00441	Acyl-CoA_dh_1	150
2737840977	393	6	121	1	113	2.8e-22	79.4	pfam02771	Acyl-CoA_dh_N	113
2737840977	393	125	219	3	97	9.7e-19	67.2	pfam02770	Acyl-CoA_dh_M	97
2737840977	393	231	392	1	149	9.0e-19	68	pfam00441	Acyl-CoA_dh_1	150
2737840978	140	2	140	1	135	1.3e-41	142.2	pfam00551	Formyl_trans_N	181
2737840979	111	32	105	1	74	5.3e-28	96.9	pfam10369	ALS_ss_C	74
2737840980	338	13	177	1	165	1.3e-73	245.8	pfam07991	IlvN	165
2737840980	338	183	326	1	144	1.3e-61	206.9	pfam01450	IlvC	144
2737840981	271	26	90	1	66	1.0e-14	54.9	pfam01066	CDP-OH_P_transf	66
2737840982	512	4	274	2	264	3.7e-96	321.6	pfam00682	HMGL-like	264
2737840982	512	371	502	1	132	2.5e-34	117.9	pfam08502	LeuA_dimer	133
2737840983	314	94	314	4	226	4.5e-55	186.6	pfam00768	Peptidase_S11	241
2737840984	1147	26	55	1	28	2.7e-06	27.2	pfam12951	PATR	30
2737840984	1147	463	492	1	30	2.0e-06	27.7	pfam12951	PATR	30
2737840984	1147	532	561	1	30	1.1e-08	34.8	pfam12951	PATR	30
2737840984	1147	694	722	1	28	6.1e-09	35.7	pfam12951	PATR	30
2737840984	1147	789	817	1	28	1.3e-09	37.8	pfam12951	PATR	30
2737840984	1147	884	913	1	30	6.9e-09	35.5	pfam12951	PATR	30
2737840984	1147	995	1021	1	26	2.0e-07	30.8	pfam12951	PATR	30
2737840985	81	1	76	20	92	8.0e-18	64.3	pfam03129	HGTP_anticodon	94
2737840986	176	1	65	7	70	1.6e-23	82.6	pfam05198	IF3_N	70
2737840986	176	72	157	1	85	1.9e-37	126.9	pfam00707	IF3_C	86
2737840988	67	2	62	1	61	3.2e-23	81.8	pfam01632	Ribosomal_L35p	61
2737840989	120	3	109	1	105	1.4e-48	163.2	pfam00453	Ribosomal_L20	107
2737840990	345	19	87	3	69	1.1e-20	73.2	pfam02912	Phe_tRNA-synt_N	69
2737840990	345	91	344	2	245	1.5e-88	296.3	pfam01409	tRNA-synt_2d	245
2737840991	774	45	151	1	95	4.4e-24	84.3	pfam01588	tRNA_bind	96
2737840991	774	217	390	2	174	1.4e-61	207	pfam03483	B3_4	174
2737840991	774	412	477	1	67	9.6e-19	67.3	pfam03484	B5	67
2737840991	774	709	774	2	60	5.1e-12	45.9	pfam03147	FDX-ACB	94
2737840992	108	19	108	3	95	1.2e-12	48	pfam12849	PBP_like_2	282
2737840993	240	21	157	1	137	5.4e-29	101.3	pfam00005	ABC_tran	137
2737840994	247	44	235	1	182	1.7e-07	31	pfam00528	BPD_transp_1	185
2737840995	428	1	96	153	245	1.6e-06	27.1	pfam06808	DctM	416
2737840995	428	101	368	180	415	1.5e-50	172.1	pfam06808	DctM	416
2737840996	152	1	152	13	148	9.9e-36	123.2	pfam00248	Aldo_ket_red	292
2737840997	295	22	226	1	209	1.3e-22	80.1	pfam01261	AP_endonuc_2	210
2737840998	291	14	151	3	139	3.7e-43	146.9	pfam14696	Glyoxalase_5	139
2737840999	277	11	94	2	83	2.0e-15	56.7	pfam08501	Shikimate_dh_N	83
2737841000	53	1	47	93	136	1.7e-17	63.3	pfam01220	DHquinase_II	138
2737841001	209	4	74	1	70	9.0e-09	35.4	pfam07978	NIPSNAP	102
2737841001	209	112	207	1	102	4.2e-12	46	pfam07978	NIPSNAP	102
2737841003	386	6	118	1	112	1.0e-14	55	pfam02771	Acyl-CoA_dh_N	113
2737841003	386	122	213	1	97	1.1e-23	83	pfam02770	Acyl-CoA_dh_M	97
2737841003	386	225	375	1	149	7.8e-45	152.6	pfam00441	Acyl-CoA_dh_1	150
2737841004	524	5	243	2	216	6.6e-27	94.2	pfam01144	CoA_trans	217
2737841005	277	7	89	1	82	1.6e-21	76.2	pfam08501	Shikimate_dh_N	83
2737841005	277	109	200	9	86	7.5e-10	38.9	pfam01488	Shikimate_DH	138
2737841006	272	5	270	1	291	6.5e-29	101.5	pfam04909	Amidohydro_2	291
2737841007	397	14	357	3	350	1.1e-38	133	pfam07690	MFS_1	353
2737841008	318	5	124	1	120	3.1e-21	76.3	pfam01408	GFO_IDH_MocA	120
2737841009	292	6	285	3	273	1.0e-88	296.9	pfam02900	LigB	274
2737841010	145	27	113	1	86	1.1e-36	124.6	pfam07746	LigA	87
2737841012	325	56	216	2	109	7.2e-20	71.5	pfam02518	HATPase_c	111
2737841012	325	262	325	1	58	3.2e-10	39.6	pfam00204	DNA_gyraseB	175
2737841013	369	2	121	6	120	1.3e-27	96.2	pfam00712	DNA_pol3_beta	121
2737841013	369	131	246	2	116	2.9e-33	114.4	pfam02767	DNA_pol3_beta_2	116
2737841013	369	248	368	2	121	1.0e-32	112.4	pfam02768	DNA_pol3_beta_3	121
2737841014	466	15	79	1	63	1.9e-18	65.8	pfam11638	DnaA_N	64
2737841014	466	131	349	1	218	2.6e-83	279	pfam00308	Bac_DnaA	219
2737841014	466	375	443	1	69	8.6e-33	112.1	pfam08299	Bac_DnaA_C	69
2737841015	44	1	44	1	44	2.8e-23	81.5	pfam00468	Ribosomal_L34	44
2737841016	79	1	72	47	101	1.2e-05	25.2	pfam00825	Ribonuclease_P	109
2737841017	91	4	70	2	65	3.3e-26	90.8	pfam01809	Haemolytic	65
2737841018	563	87	360	2	283	1.7e-81	274.1	pfam14849	YidC_periplas	283
2737841018	563	371	549	1	165	1.2e-58	197.5	pfam02096	60KD_IMP	166
2737841019	66	8	66	1	57	3.6e-09	36.8	pfam10396	TrmE_N	113
2737841020	317	12	317	2	283	6.4e-57	193.2	pfam03576	Peptidase_S58	299
2737841021	321	113	317	2	184	6.6e-43	146.5	pfam00528	BPD_transp_1	185
2737841022	281	95	279	1	184	1.3e-27	96.6	pfam00528	BPD_transp_1	185
2737841023	334	30	188	1	136	3.0e-25	89.2	pfam00005	ABC_tran	137
2737841023	334	239	304	1	65	1.3e-16	60.7	pfam08352	oligo_HPY	65
2737841024	274	38	192	1	136	4.0e-32	111.5	pfam00005	ABC_tran	137
2737841024	274	243	273	1	28	1.1e-06	28.9	pfam08352	oligo_HPY	65
2737841026	478	111	477	177	350	2.9e-16	59.3	pfam05958	tRNA_U5-meth_tr	357
2737841027	231	22	223	2	207	6.8e-41	140.2	pfam01027	Bax1-I	207
2737841028	135	7	131	1	118	1.1e-30	106	pfam03928	Haem_degrading	119
2737841029	588	65	583	1	516	0.0e+00	669.3	pfam00920	ILVD_EDD	516
2737841030	776	14	340	3	312	1.1e-81	274.4	pfam04997	RNA_pol_Rpb1_1	312
2737841030	776	342	405	1	51	4.5e-08	33.3	pfam00623	RNA_pol_Rpb1_2	166
2737841030	776	383	484	72	165	2.2e-27	96.2	pfam00623	RNA_pol_Rpb1_2	166
2737841030	776	487	643	1	158	9.5e-25	87.2	pfam04983	RNA_pol_Rpb1_3	158
2737841030	776	672	763	2	107	2.2e-18	66	pfam05000	RNA_pol_Rpb1_4	108
2737841031	794	19	84	1	65	7.3e-23	80.5	pfam10385	RNA_pol_Rpb2_45	65
2737841031	794	145	716	2	390	0.0e+00	520.4	pfam00562	RNA_pol_Rpb2_6	390
2737841031	794	718	794	1	85	4.9e-27	94	pfam04560	RNA_pol_Rpb2_7	87
2737841033	325	112	319	2	178	2.9e-21	75.9	pfam00528	BPD_transp_1	185
2737841034	349	161	345	9	181	3.4e-22	79	pfam00528	BPD_transp_1	185
2737841035	346	19	162	2	136	3.6e-34	118.1	pfam00005	ABC_tran	137
2737841035	346	264	334	1	76	4.4e-11	42.6	pfam08402	TOBE_2	76
2737841037	127	8	38	3	31	1.4e-06	27.9	pfam00460	Flg_bb_rod	31
2737841038	141	7	37	3	28	5.3e-09	35.7	pfam00460	Flg_bb_rod	31
2737841038	141	71	138	29	72	3.4e-12	46.2	pfam06429	Flg_bbr_C	74
2737841039	230	7	82	12	74	7.1e-19	67.8	pfam03963	FlgD	75
2737841039	230	90	226	3	58	4.8e-09	36.2	pfam13861	FLgD_tudor	58
2737841039	230	107	185	9	80	4.3e-20	71.2	pfam13860	FlgD_ig	81
2737841040	402	3	33	1	31	1.5e-08	34.2	pfam00460	Flg_bb_rod	31
2737841040	402	178	393	3	104	9.6e-10	39	pfam07559	FlaE	124
2737841041	132	1	124	83	192	1.3e-20	73.9	pfam01323	DSBA	193
2737841042	217	69	184	1	67	6.3e-07	29.2	pfam00300	His_Phos_1	194
2737841043	128	10	118	1	111	5.4e-23	82.3	pfam04134	DUF393	113
2737841044	255	31	241	30	259	5.1e-27	95	pfam03781	FGE-sulfatase	260
2737841046	537	261	424	2	166	8.9e-10	39.1	pfam04055	Radical_SAM	167
2737841047	286	27	286	14	272	2.9e-27	95.7	pfam04375	HemX	338
2737841048	266	17	254	3	218	1.2e-20	73.8	pfam02602	HEM4	232
2737841049	305	9	215	1	194	1.1e-77	260.1	pfam01379	Porphobil_deam	197
2737841049	305	226	301	2	74	2.2e-13	50.2	pfam03900	Porphobil_deamC	75
2737841050	950	154	950	4	795	0.0e+00	952.9	pfam00311	PEPcase	795
2737841051	180	15	180	3	176	1.4e-31	109.9	pfam00206	Lyase_1	312
2737841052	31	1	31	49	77	1.6e-08	34.1	pfam04977	DivIC	80
2737841054	316	1	291	17	267	2.2e-68	230.5	pfam01430	HSP33	267
2737841055	174	11	45	5	36	8.8e-04	18.8	pfam00132	Hexapep	36
2737841055	174	88	123	1	35	2.2e-09	36.6	pfam00132	Hexapep	36
2737841056	258	13	255	28	244	1.2e-90	303.2	pfam04305	DUF455	245
2737841057	63	1	50	123	170	1.7e-20	73.4	pfam00589	Phage_integrase	172
2737841058	289	96	280	4	175	9.7e-14	51.4	pfam00528	BPD_transp_1	185
2737841059	349	25	168	2	136	3.3e-34	118.2	pfam00005	ABC_tran	137
2737841059	349	276	347	2	70	2.2e-05	24.4	pfam08402	TOBE_2	76
2737841060	210	39	193	74	174	1.0e-05	25.6	pfam13419	HAD_2	178
2737841061	543	1	384	45	422	1.9e-66	224.3	pfam00501	AMP-binding	423
2737841061	543	392	468	2	74	7.8e-14	52.3	pfam13193	AMP-binding_C	74
2737841062	459	32	135	1	98	9.5e-22	76.8	pfam11741	AMIN	98
2737841062	459	225	445	1	174	1.9e-47	161.5	pfam01520	Amidase_3	175
2737841063	141	2	117	22	123	2.7e-30	104.8	pfam02367	TsaE	125
2737841064	341	40	124	1	73	2.8e-21	75.1	pfam08331	DUF1730	73
2737841064	341	176	240	1	67	1.6e-19	70.4	pfam13484	Fer4_16	67
2737841066	90	1	51	24	75	9.1e-12	45	pfam00575	S1	75
2737841067	106	1	91	1	89	3.1e-31	107.3	pfam00216	Bac_DNA_binding	90
2737841068	103	26	80	1	51	2.5e-13	49.5	pfam06305	DUF1049	64
2737841069	385	191	262	2	56	8.2e-06	26.1	pfam14559	TPR_19	68
2737841070	100	18	79	5	61	2.7e-08	33.8	pfam12836	HHH_3	65
2737841071	175	1	175	3	175	2.7e-56	190.9	pfam04381	RdgC	298
2737841072	266	7	257	6	239	2.5e-07	30	pfam13429	TPR_15	280
2737841073	166	37	153	5	96	1.9e-16	60.4	pfam03550	LolB	153
2737841074	281	86	144	1	65	2.4e-08	33.9	pfam00288	GHMP_kinases_N	66
2737841076	323	10	127	2	116	1.9e-46	156.6	pfam13793	Pribosyltran_N	116
2737841076	323	198	320	75	184	7.2e-31	107.6	pfam14572	Pribosyl_synth	185
2737841077	209	4	90	4	81	1.2e-21	76.8	pfam01386	Ribosomal_L25p	81
2737841077	209	98	186	2	85	1.1e-24	86.4	pfam14693	Ribosomal_TL5_C	86
2737841078	231	4	187	1	157	5.3e-55	185.7	pfam01195	Pept_tRNA_hydro	160
2737841080	246	16	157	3	143	1.8e-33	115.1	pfam00994	MoCF_biosynth	144
2737841080	246	170	242	1	72	1.2e-20	73.4	pfam03454	MoeA_C	72
2737841081	1030	3	1005	2	1020	0.0e+00	996.3	pfam00873	ACR_tran	1021
2737841082	271	1	94	122	214	3.1e-21	75.4	pfam16576	HlyD_D23	214
2737841083	347	1	343	11	347	2.8e-77	260.1	pfam00180	Iso_dh	348
2737841084	90	1	90	1	90	1.0e-31	108.8	pfam00216	Bac_DNA_binding	90
2737841086	643	1	166	1	161	2.3e-38	131.4	pfam13624	SurA_N_3	162
2737841086	643	254	373	12	115	1.0e-29	103.3	pfam13616	Rotamase_3	116
2737841088	472	27	129	2	103	3.6e-33	113.6	pfam00772	DnaB	103
2737841088	472	206	463	1	255	2.8e-116	387.2	pfam03796	DnaB_C	256
2737841089	680	1	400	9	390	4.7e-129	430.5	pfam09334	tRNA-synt_1g	391
2737841089	680	580	678	1	84	1.5e-21	76.2	pfam01588	tRNA_bind	96
2737841090	480	26	399	1	365	9.8e-87	291	pfam00916	Sulfate_transp	381
2737841092	178	13	87	3	66	4.9e-09	36.1	pfam01883	DUF59	74
2737841093	367	9	111	18	97	6.4e-13	48.8	pfam00970	FAD_binding_6	99
2737841093	367	122	231	3	108	3.6e-19	69.3	pfam00175	NAD_binding_1	109
2737841093	367	281	356	2	78	9.4e-15	54.2	pfam00111	Fer2	78
2737841094	285	4	285	10	285	2.2e-81	273.2	pfam02219	MTHFR	287
2737841095	282	1	26	1	26	1.4e-05	24.6	pfam01479	S4	48
2737841095	282	62	249	1	173	4.4e-20	72.4	pfam01728	FtsJ	177
2737841096	118	1	37	127	162	1.9e-11	44.2	pfam00670	AdoHcyase_NAD	162
2737841096	118	3	117	219	295	4.6e-36	124.3	pfam05221	AdoHcyase	295
2737841097	320	14	320	1	289	6.4e-110	367.3	pfam01070	FMN_dh	348
2737841098	273	14	202	2	175	1.9e-16	60.2	pfam01370	Epimerase	241
2737841099	254	18	244	1	219	1.7e-59	200.5	pfam03328	HpcH_HpaI	221
2737841100	294	2	160	1	158	4.5e-50	169.8	pfam03446	NAD_binding_2	158
2737841100	294	163	283	1	122	3.8e-38	130.4	pfam14833	NAD_binding_11	122
2737841101	187	1	148	86	218	1.1e-22	80.6	pfam13378	MR_MLE_C	219
2737841104	422	34	250	1	164	2.8e-16	60.3	pfam12704	MacB_PCD	194
2737841104	422	281	415	2	121	1.2e-16	60.6	pfam02687	FtsX	121
2737841105	232	30	179	1	136	1.5e-32	112.9	pfam00005	ABC_tran	137
2737841106	279	3	269	1	254	2.9e-58	197.1	pfam01026	TatD_DNase	255
2737841108	162	8	154	4	135	1.5e-19	70.5	pfam07331	TctB	135
2737841109	503	20	441	1	409	0.0e+00	484.1	pfam01970	TctA	409
2737841110	208	36	208	1	172	8.2e-71	239	pfam03209	PUCC	401
2737841111	69	4	41	3	39	1.7e-05	24.8	pfam00556	LHC	39
2737841112	50	14	49	2	39	1.0e-07	31.9	pfam00556	LHC	39
2737841114	510	13	489	1	450	4.0e-25	88.9	pfam01593	Amino_oxidase	451
2737841116	116	1	104	208	310	4.2e-54	183.9	pfam02276	CytoC_RC	311
2737841118	752	88	312	23	213	4.8e-09	35.5	pfam00456	Transketolase_N	334
2737841118	752	360	446	214	276	2.8e-05	23.1	pfam00456	Transketolase_N	334
2737841119	757	19	143	2	111	9.7e-37	125.5	pfam03709	OKR_DC_1_N	111
2737841119	757	149	591	1	415	0.0e+00	478.3	pfam01276	OKR_DC_1	417
2737841119	757	616	743	1	129	1.5e-45	154.6	pfam03711	OKR_DC_1_C	132
2737841120	270	17	258	1	234	1.4e-77	260.3	pfam13561	adh_short_C2	234
2737841121	623	103	523	3	373	1.2e-68	231.7	pfam00496	SBP_bac_5	377
2737841122	406	3	377	104	466	2.8e-113	379	pfam02696	UPF0061	468
2737841123	135	13	134	7	121	5.1e-50	168.4	pfam01641	SelR	121
2737841124	180	1	175	1	175	3.7e-61	206.2	pfam04279	IspA	176
2737841125	90	16	90	1	71	5.1e-24	84.2	pfam01722	BolA	76
2737841126	257	116	220	15	115	5.6e-23	81.6	pfam13616	Rotamase_3	116
2737841127	189	76	189	2	115	4.2e-39	133.9	pfam01136	Peptidase_U32	233
2737841128	61	1	30	123	149	3.6e-06	27	pfam00406	ADK	151
2737841129	318	3	199	1	188	1.4e-51	174.6	pfam00710	Asparaginase	191
2737841130	223	4	68	3	65	1.2e-25	89	pfam01726	LexA_DNA_bind	65
2737841130	223	136	204	1	69	2.7e-16	59.1	pfam00717	Peptidase_S24	70
2737841132	323	3	323	32	127	2.7e-14	52.8	pfam00389	2-Hacid_dh	134
2737841132	323	110	296	2	178	6.2e-47	159.1	pfam02826	2-Hacid_dh_C	178
2737841133	276	32	197	1	156	5.2e-45	152.8	pfam13328	HD_4	156
2737841134	289	15	284	1	204	2.0e-14	54.6	pfam12697	Abhydrolase_6	212
2737841135	256	5	197	1	193	3.2e-55	186.5	pfam00106	adh_short	195
2737841136	243	10	120	1	111	4.7e-30	103.9	pfam00072	Response_reg	112
2737841136	243	161	237	1	77	4.2e-21	74.7	pfam00486	Trans_reg_C	77
2737841137	330	83	262	4	183	1.2e-27	96.9	pfam05193	Peptidase_M16_C	183
2737841138	206	27	203	1	178	3.4e-44	150.5	pfam03602	Cons_hypoth95	182
2737841139	168	12	141	2	142	2.2e-19	69.9	pfam01467	CTP_transf_like	143
2737841140	540	43	201	4	83	5.7e-10	39.2	pfam01368	DHH	103
2737841140	540	350	423	1	70	6.1e-13	48.5	pfam02272	DHHA1	70
2737841142	206	8	151	6	138	7.3e-14	51.6	pfam06240	COXG	140
2737841143	322	31	172	25	159	1.8e-10	41.4	pfam13191	AAA_16	170
2737841144	394	172	386	7	221	3.7e-42	144.1	pfam05762	VWA_CoxE	223
2737841145	183	13	80	2	66	8.4e-17	61	pfam02625	XdhC_CoxI	68
2737841147	301	4	281	1	278	0.0e+00	504.1	pfam02091	tRNA-synt_2e	278
2737841148	710	6	572	1	534	0.0e+00	670.4	pfam02092	tRNA_synt_2f	534
2737841148	710	600	705	4	105	3.9e-06	26.9	pfam05746	DALR_1	119
2737841149	195	100	176	2	72	2.4e-11	43.4	pfam13242	Hydrolase_like	75
2737841150	249	58	188	3	133	4.6e-25	87.7	pfam01553	Acyltransferase	134
2737841151	295	96	295	2	194	1.8e-52	178.3	pfam01863	DUF45	207
2737841153	160	34	141	34	117	3.7e-16	59.3	pfam00583	Acetyltransf_1	117
2737841154	422	7	403	1	334	2.1e-60	205	pfam01266	DAO	336
2737841155	125	3	125	2	118	9.0e-33	112.6	pfam01597	GCV_H	122
2737841156	425	1	414	2	416	5.7e-116	387.6	pfam06808	DctM	416
2737841157	30	1	30	60	89	1.5e-12	47.4	pfam02049	FliE	89
2737841158	622	75	267	2	193	3.1e-60	203	pfam01514	YscJ_FliF	194
2737841158	622	299	477	1	152	1.4e-41	142.2	pfam08345	YscJ_FliF_C	152
2737841159	348	21	124	1	102	2.1e-29	102	pfam14842	FliG_N	104
2737841159	348	132	207	2	74	2.6e-22	78.7	pfam14841	FliG_M	76
2737841159	348	234	341	2	108	1.3e-36	125	pfam01706	FliG_C	108
2737841160	421	143	275	2	127	9.0e-15	54.7	pfam02108	FliH	128
2737841161	374	147	358	1	213	1.9e-67	226.9	pfam00006	ATP-synt_ab	213
2737841162	82	5	63	283	315	4.3e-05	23.5	pfam01547	SBP_bac_1	315
2737841163	155	5	78	2	55	8.6e-08	31.9	pfam00111	Fer2	78
2737841163	155	73	147	1	74	1.1e-29	102	pfam01799	Fer2_2	75
2737841164	793	26	146	1	109	2.5e-29	101.7	pfam01315	Ald_Xan_dh_C	110
2737841164	793	162	726	1	544	0.0e+00	582.6	pfam02738	Ald_Xan_dh_C2	544
2737841165	109	2	109	2	110	4.0e-27	94.9	pfam00941	FAD_binding_5	171
2737841166	59	14	59	2	42	1.7e-06	27.7	pfam00696	AA_kinase	241
2737841167	372	4	158	1	155	2.3e-54	183.1	pfam01018	GTP1_OBG	155
2737841167	372	161	285	1	114	6.6e-24	84.1	pfam01926	MMR_HSR1	114
2737841168	86	2	82	1	79	5.7e-37	125.5	pfam01016	Ribosomal_L27	79
2737841169	103	1	101	1	101	2.8e-39	133.3	pfam00829	Ribosomal_L21p	101
2737841170	304	34	280	4	255	2.3e-73	246.3	pfam00348	polyprenyl_synt	257
2737841171	118	1	116	70	176	1.1e-12	48	pfam00528	BPD_transp_1	185
2737841172	278	87	272	3	174	2.3e-15	56.7	pfam00528	BPD_transp_1	185
2737841174	590	39	204	3	169	1.4e-16	60.8	pfam02837	Glyco_hydro_2_N	169
2737841174	590	294	588	1	285	1.4e-30	106.4	pfam02836	Glyco_hydro_2_C	302
2737841175	49	14	49	7	33	4.6e-07	29.9	pfam02472	ExbD	130
2737841176	286	141	271	19	122	1.7e-34	118.2	pfam01618	MotA_ExbB	124
2737841177	240	161	239	2	77	3.6e-18	65.7	pfam03544	TonB_C	79
2737841178	430	3	376	1	348	3.1e-55	187.8	pfam13361	UvrD_C	349
2737841179	137	46	137	3	85	2.5e-22	79.1	pfam04290	DctQ	132
2737841180	329	35	318	2	275	1.8e-65	221	pfam03480	DctP	286
2737841181	218	1	52	14	64	2.0e-18	65.7	pfam00392	GntR	64
2737841181	218	77	203	1	124	5.8e-25	88	pfam07729	FCD	125
2737841182	371	8	129	19	117	8.3e-20	71	pfam02746	MR_MLE_N	117
2737841182	371	151	358	3	217	3.4e-66	222.9	pfam13378	MR_MLE_C	219
2737841183	249	11	248	2	234	1.4e-55	188.3	pfam13561	adh_short_C2	234
2737841184	252	9	204	2	190	7.2e-57	191.9	pfam00106	adh_short	195
2737841184	252	21	150	42	176	2.3e-05	24.3	pfam11795	DUF3322	190
2737841185	287	72	283	2	218	4.2e-68	229.1	pfam01557	FAA_hydrolase	218
2737841186	167	32	78	1	43	2.7e-09	36.6	pfam00440	TetR_N	47
2737841189	656	45	157	10	103	4.9e-15	55.9	pfam07715	Plug	108
2737841189	656	148	653	19	458	3.6e-23	83	pfam00593	TonB_dep_Rec	461
2737841191	289	34	276	3	243	6.4e-71	238.6	pfam12974	Phosphonate-bd	243
2737841192	279	23	179	1	136	7.6e-26	91.1	pfam00005	ABC_tran	137
2737841193	278	106	278	14	179	4.3e-08	33	pfam00528	BPD_transp_1	185
2737841194	277	98	277	10	173	8.0e-14	51.7	pfam00528	BPD_transp_1	185
2737841195	145	100	132	3	34	3.9e-07	29.5	pfam00515	TPR_1	34
2737841196	159	35	146	3	130	1.0e-22	80.2	pfam01058	Oxidored_q6	131
2737841197	119	19	118	5	99	8.9e-41	137.9	pfam00507	Oxidored_q4	99
2737841199	128	7	76	2	70	3.6e-22	78.1	pfam03840	SecG	70
2737841200	252	8	247	2	242	1.8e-84	282.8	pfam00121	TIM	243
2737841201	336	27	111	2	61	8.0e-05	22.3	pfam08240	ADH_N	109
2737841201	336	154	283	1	117	2.7e-30	104.8	pfam00107	ADH_zinc_N	130
2737841202	703	15	146	5	132	4.0e-18	66	pfam01138	RNase_PH	132
2737841202	703	149	213	1	66	1.5e-09	37.6	pfam03725	RNase_PH_C	67
2737841202	703	243	322	3	83	1.1e-17	64.2	pfam03726	PNPase	83
2737841202	703	325	458	2	132	3.4e-21	76	pfam01138	RNase_PH	132
2737841202	703	461	531	3	67	3.6e-05	23.6	pfam03725	RNase_PH_C	67
2737841202	703	557	616	3	65	3.8e-11	42.5	pfam00013	KH_1	66
2737841202	703	620	692	2	75	5.0e-16	58.7	pfam00575	S1	75
2737841203	88	7	87	1	81	3.2e-36	123.3	pfam00312	Ribosomal_S15	81
2737841205	777	124	212	1	91	1.2e-06	28.1	pfam02786	CPSase_L_D2	211
2737841205	777	394	605	1	192	4.0e-19	69.2	pfam08245	Mur_ligase_M	192
2737841205	777	629	715	1	87	1.4e-13	50.8	pfam02875	Mur_ligase_C	91
2737841206	1000	2	376	2	133	1.9e-32	112.4	pfam02463	SMC_N	220
2737841206	1000	521	628	8	115	3.2e-06	27.3	pfam06470	SMC_hinge	117
2737841207	135	30	134	4	107	7.7e-11	41.6	pfam00155	Aminotran_1_2	363
2737841208	171	36	171	1	136	1.3e-60	205.2	pfam02276	CytoC_RC	311
2737841209	325	51	304	1	259	8.0e-102	339.8	pfam00124	Photo_RC	260
2737841210	278	30	273	1	260	8.3e-96	320.1	pfam00124	Photo_RC	260
2737841211	69	1	41	1	39	2.4e-12	46.7	pfam00556	LHC	39
2737841213	47	12	47	1	39	6.4e-12	45.3	pfam00556	LHC	39
2737841214	183	2	179	69	232	2.7e-25	89.2	pfam13561	adh_short_C2	234
2737841215	299	7	142	4	136	7.1e-19	68.2	pfam00892	EamA	137
2737841215	299	155	298	3	136	2.2e-11	44	pfam00892	EamA	137
2737841216	327	28	136	1	98	1.1e-10	41.2	pfam08240	ADH_N	109
2737841216	327	154	287	1	101	6.8e-28	97	pfam00107	ADH_zinc_N	130
2737841217	171	24	165	1	128	5.0e-39	133.6	pfam01252	Peptidase_A8	130
2737841218	69	30	58	3	29	3.9e-09	36.1	pfam06827	zf-FPG_IleRS	30
2737841219	260	91	160	1	74	7.9e-18	64.5	pfam03144	GTP_EFTU_D2	74
2737841219	260	164	259	1	110	5.1e-34	116.8	pfam03143	GTP_EFTU_D3	111
2737841221	127	68	121	2	51	1.9e-16	59.6	pfam00584	SecE	54
2737841222	193	19	124	2	94	2.4e-27	95.1	pfam02357	NusG	95
2737841222	193	142	177	1	31	1.6e-05	24.5	pfam00467	KOW	32
2737841223	143	9	67	1	58	5.0e-28	96.5	pfam03946	Ribosomal_L11_N	58
2737841223	143	72	140	1	70	1.1e-23	83.4	pfam00298	Ribosomal_L11	70
2737841224	231	29	220	2	205	1.5e-48	165.1	pfam00687	Ribosomal_L1	205
2737841225	168	3	100	2	100	2.9e-23	81.7	pfam00466	Ribosomal_L10	100
2737841226	125	4	53	2	47	1.1e-17	63.4	pfam16320	Ribosomal_L12_N	48
2737841226	125	59	125	1	67	4.8e-30	103.6	pfam00542	Ribosomal_L12	67
2737841227	490	26	490	1	180	7.4e-31	107.1	pfam04563	RNA_pol_Rpb2_1	203
2737841227	490	158	279	1	72	4.6e-07	29.5	pfam04561	RNA_pol_Rpb2_2	190
2737841227	490	348	462	102	190	6.1e-14	52	pfam04561	RNA_pol_Rpb2_2	190
2737841228	187	1	84	56	127	1.6e-07	31.1	pfam00300	His_Phos_1	194
2737841228	187	63	168	106	181	1.6e-06	27.9	pfam00300	His_Phos_1	194
2737841229	483	100	180	3	81	2.8e-14	53	pfam13180	PDZ_2	82
2737841229	483	198	383	2	164	2.2e-50	170.3	pfam03572	Peptidase_S41	166
2737841230	251	9	248	1	243	7.6e-63	212	pfam00899	ThiF	244
2737841231	189	74	169	1	107	2.6e-13	50.2	pfam00565	SNase	108
2737841232	168	19	168	6	151	1.1e-32	113.1	pfam00916	Sulfate_transp	381
2737841233	581	1	581	6	531	0.0e+00	551.4	pfam04257	Exonuc_V_gamma	768
2737841234	634	5	60	1	55	6.7e-20	70.6	pfam16177	ACAS_N	55
2737841234	634	61	509	5	422	9.9e-93	310.9	pfam00501	AMP-binding	423
2737841234	634	517	599	1	74	1.3e-24	86.9	pfam13193	AMP-binding_C	74
2737841235	376	24	362	2	341	1.4e-57	195.8	pfam13458	Peripla_BP_6	342
2737841236	291	7	277	2	267	1.4e-33	116	pfam02653	BPD_transp_2	268
2737841237	324	27	291	4	267	2.8e-40	138.1	pfam02653	BPD_transp_2	268
2737841238	248	21	176	3	137	5.6e-32	111	pfam00005	ABC_tran	137
2737841238	248	225	247	1	23	2.7e-09	36.6	pfam12399	BCA_ABC_TP_C	23
2737841239	259	28	173	1	136	1.2e-31	109.9	pfam00005	ABC_tran	137
2737841240	257	16	67	2	52	1.5e-13	50.2	pfam09339	HTH_IclR	52
2737841240	257	127	255	8	126	3.4e-24	85	pfam01614	IclR	129
2737841241	256	1	123	39	158	1.1e-22	80.8	pfam03446	NAD_binding_2	158
2737841241	256	126	247	1	120	2.3e-16	60	pfam14833	NAD_binding_11	122
2737841242	86	1	67	11	74	1.1e-10	41.5	pfam03061	4HBT	79
2737841243	393	12	124	2	113	3.0e-39	134	pfam02771	Acyl-CoA_dh_N	113
2737841243	393	128	223	1	97	2.5e-25	88.4	pfam02770	Acyl-CoA_dh_M	97
2737841243	393	235	389	1	149	4.1e-38	130.8	pfam00441	Acyl-CoA_dh_1	150
2737841244	200	20	171	1	155	4.6e-49	166.5	pfam00484	Pro_CA	156
2737841245	397	5	267	1	260	4.0e-80	268.8	pfam00108	Thiolase_N	260
2737841245	397	274	396	2	122	5.8e-45	151.8	pfam02803	Thiolase_C	123
2737841246	112	4	112	1	109	1.0e-35	122.7	pfam02771	Acyl-CoA_dh_N	113
2737841248	281	35	265	2	232	3.5e-41	141.3	pfam12974	Phosphonate-bd	243
2737841249	275	42	236	3	201	6.0e-17	61.7	pfam12706	Lactamase_B_2	201
2737841251	125	8	93	2	87	1.4e-18	66.6	pfam00027	cNMP_binding	88
2737841252	142	4	124	2	121	7.1e-10	38.5	pfam01584	CheW	138
2737841253	1080	8	101	2	83	3.6e-15	55.9	pfam01627	Hpt	85
2737841253	1080	647	743	2	67	1.0e-05	25.7	pfam02895	H-kinase_dim	69
2737841253	1080	789	931	4	110	7.7e-17	61.7	pfam02518	HATPase_c	111
2737841253	1080	935	1065	1	135	1.8e-22	79.3	pfam01584	CheW	138
2737841254	71	1	56	58	106	5.0e-05	23.3	pfam00072	Response_reg	112
2737841255	138	28	138	1	108	1.4e-24	86.8	pfam02631	RecX	122
2737841256	345	10	272	1	263	0.0e+00	477.7	pfam00154	RecA	263
2737841257	179	75	140	4	68	6.1e-08	32.9	pfam13463	HTH_27	68
2737841258	224	3	114	1	111	6.1e-27	93.9	pfam00072	Response_reg	112
2737841258	224	146	219	1	77	2.0e-22	78.9	pfam00486	Trans_reg_C	77
2737841259	70	30	70	1	40	1.2e-09	38.2	pfam08521	2CSK_N	141
2737841260	410	128	335	1	210	1.2e-71	240.5	pfam02786	CPSase_L_D2	211
2737841261	387	11	139	2	127	6.8e-50	168	pfam00988	CPSase_sm_chain	127
2737841261	387	205	383	3	189	1.3e-47	162	pfam00117	GATase	190
2737841262	257	110	250	3	142	7.7e-28	97.3	pfam00588	SpoU_methylase	142
2737841263	205	23	200	1	197	7.5e-41	140	pfam01351	RNase_HII	198
2737841264	217	1	214	160	361	1.2e-40	139.4	pfam02684	LpxB	374
2737841265	317	2	111	113	208	2.3e-14	53.3	pfam02786	CPSase_L_D2	211
2737841265	317	198	285	2	95	2.5e-18	65.9	pfam02142	MGS	95
2737841266	158	4	74	1	71	2.2e-32	110.9	pfam03449	GreA_GreB_N	71
2737841266	158	81	157	3	77	7.2e-28	96.2	pfam01272	GreA_GreB	77
2737841267	157	6	89	1	85	1.3e-16	60.4	pfam01985	CRS1_YhbY	85
2737841268	220	32	216	1	175	7.8e-55	185.6	pfam01728	FtsJ	177
2737841269	622	1	88	10	103	3.0e-06	27.4	pfam06480	FtsH_ext	109
2737841269	622	181	314	1	131	3.9e-45	153.4	pfam00004	AAA	132
2737841269	622	374	583	2	211	3.2e-81	271.9	pfam01434	Peptidase_M41	211
2737841270	285	18	262	1	244	3.2e-73	246.3	pfam00809	Pterin_bind	244
2737841271	442	3	137	1	132	2.5e-42	143.7	pfam02878	PGM_PMM_I	138
2737841271	442	156	254	2	103	4.2e-21	75.4	pfam02879	PGM_PMM_II	103
2737841271	442	258	368	1	109	1.1e-29	102.7	pfam02880	PGM_PMM_III	114
2737841271	442	373	442	1	73	2.2e-13	50	pfam00408	PGM_PMM_IV	74
2737841272	214	1	204	52	255	3.3e-68	230.1	pfam03618	Kinase-PPPase	255
2737841273	66	38	66	2	29	9.3e-09	34.9	pfam03588	Leu_Phe_trans	169
2737841274	262	24	259	1	219	3.7e-73	245.6	pfam02578	Cu-oxidase_4	219
2737841276	571	82	249	1	173	4.4e-68	228.2	pfam07167	PhaC_N	173
2737841277	393	4	263	1	259	2.4e-101	338.4	pfam00108	Thiolase_N	260
2737841277	393	270	392	1	123	1.7e-51	172.9	pfam02803	Thiolase_C	123
2737841278	245	4	198	1	193	4.4e-61	205.6	pfam00106	adh_short	195
2737841280	477	76	248	3	188	4.1e-06	26.6	pfam02321	OEP	188
2737841280	477	275	454	7	185	6.5e-07	29.2	pfam02321	OEP	188
2737841281	471	80	196	11	118	1.9e-34	118.1	pfam07732	Cu-oxidase_3	119
2737841281	471	217	340	5	131	4.2e-23	81.4	pfam07731	Cu-oxidase_2	137
2737841282	166	53	164	5	98	4.6e-11	42.9	pfam00127	Copper-bind	99
2737841283	160	63	130	9	69	6.9e-31	105.9	pfam04214	DUF411	69
2737841284	114	46	112	1	66	2.6e-24	84.8	pfam11604	CusF_Ec	68
2737841285	97	27	96	2	69	9.7e-29	98.7	pfam11525	CopK	70
2737841286	91	24	75	1	51	5.8e-25	87	pfam11666	DUF2933	52
2737841287	194	76	167	5	92	5.9e-09	36.1	pfam04140	ICMT	94
2737841288	97	5	68	2	55	2.9e-15	56.3	pfam00403	HMA	62
2737841289	718	175	398	1	221	4.4e-66	222.2	pfam00122	E1-E2_ATPase	221
2737841289	718	403	620	1	210	2.4e-39	135.7	pfam00702	Hydrolase	210
2737841290	148	3	62	1	60	5.8e-20	70.9	pfam00126	HTH_1	60
2737841290	148	86	148	2	61	1.4e-06	27.7	pfam03466	LysR_substrate	209
2737841291	325	45	322	2	273	2.4e-54	184.1	pfam03401	TctC	274
2737841292	401	81	397	2	204	5.8e-31	107.7	pfam01546	Peptidase_M20	207
2737841292	401	190	293	8	105	8.9e-09	35.1	pfam07687	M20_dimer	109
2737841293	288	52	192	100	220	1.1e-12	47.5	pfam00135	COesterase	514
2737841294	177	9	177	2	166	1.3e-58	198.5	pfam00490	ALAD	317
2737841295	142	1	142	6	146	1.6e-44	151.5	pfam03653	UPF0093	146
2737841296	370	14	134	2	122	2.2e-13	50.8	pfam04892	VanZ	125
2737841297	114	11	97	73	143	3.8e-06	26.7	pfam01257	2Fe-2S_thioredx	145
2737841298	208	24	144	46	121	1.6e-04	21.2	pfam02129	Peptidase_S15	269
2737841299	86	25	86	3	63	7.5e-18	64.7	pfam00768	Peptidase_S11	241
2737841300	146	2	65	3	64	7.3e-22	77.1	pfam05232	BTP	64
2737841300	146	71	134	1	63	3.1e-19	68.6	pfam05232	BTP	64
2737841301	283	17	131	1	104	5.3e-43	145.7	pfam14819	QueF_N	111
2737841301	283	196	273	1	76	1.1e-25	89.4	pfam14489	QueF	81
2737841302	258	1	244	1	231	6.1e-86	287.6	pfam03883	H2O2_YaaD	233
2737841303	218	1	154	5	161	2.8e-28	98.9	pfam00849	PseudoU_synth_2	161
2737841304	373	3	341	2	330	2.1e-58	198.1	pfam00724	Oxidored_FMN	341
2737841305	103	47	103	2	52	5.2e-11	42	pfam03401	TctC	274
2737841306	329	15	329	7	314	5.8e-97	325	pfam00171	Aldedh	462
2737841307	314	10	69	2	60	3.0e-17	62.2	pfam00126	HTH_1	60
2737841307	314	93	307	2	208	3.8e-40	137.3	pfam03466	LysR_substrate	209
2737841308	211	2	205	6	203	1.9e-51	174.2	pfam01914	MarC	203
2737841309	153	10	128	11	109	6.1e-14	51.5	pfam01575	MaoC_dehydratas	123
2737841310	248	9	248	3	232	1.9e-56	191.1	pfam13561	adh_short_C2	234
2737841311	199	4	199	1	193	3.2e-31	108.5	pfam01323	DSBA	193
2737841312	167	15	167	2	151	2.6e-31	108.7	pfam01738	DLH	217
2737841313	195	1	54	46	91	2.9e-12	46.7	pfam02410	RsfS	91
2737841314	155	1	153	1	154	2.3e-47	160.7	pfam02590	SPOUT_MTase	154
2737841315	200	4	196	2	165	7.9e-49	165.6	pfam02545	Maf	166
2737841316	490	125	394	1	270	3.2e-97	325	pfam10150	RNase_E_G	270
2737841321	130	3	125	3	128	1.0e-25	90	pfam01124	MAPEG	130
2737841324	437	53	150	77	159	2.2e-10	39.6	pfam11700	ATG22	478
2737841324	437	146	430	192	477	8.2e-32	110.3	pfam11700	ATG22	478
2737841325	178	33	123	168	223	1.1e-06	28.6	pfam01177	Asp_Glu_race	224
2737841327	141	4	138	1	132	1.8e-53	180	pfam00334	NDK	135
2737841328	400	70	114	3	48	1.6e-08	33.9	pfam01479	S4	48
2737841328	400	131	265	2	160	1.1e-15	58	pfam00849	PseudoU_synth_2	161
2737841329	269	8	167	2	159	4.5e-47	159.5	pfam04079	SMC_ScpB	160
2737841330	54	1	52	78	121	1.6e-09	37.5	pfam00842	Ala_racemase_C	123
2737841331	306	10	147	4	136	8.2e-15	55.1	pfam00892	EamA	137
2737841331	306	158	296	3	134	9.2e-15	54.9	pfam00892	EamA	137
2737841332	253	6	245	3	234	5.8e-43	147.1	pfam01925	TauE	236
2737841333	339	1	96	204	295	1.8e-17	63.5	pfam00732	GMC_oxred_N	296
2737841333	339	187	325	1	144	2.5e-38	131.7	pfam05199	GMC_oxred_C	144
2737841334	252	10	177	3	167	3.7e-71	238.1	pfam00158	Sigma54_activat	168
2737841335	157	40	137	7	97	9.4e-09	35.4	pfam02169	LPP20	97
2737841338	362	264	346	12	84	2.1e-07	30.6	pfam02120	Flg_hook	85
2737841339	103	5	78	257	330	1.5e-17	63.7	pfam01312	Bac_export_2	330
2737841341	104	51	98	3	54	3.5e-13	49.6	pfam04316	FlgM	55
2737841342	235	5	233	74	195	1.4e-24	86.8	pfam13144	ChapFlgA	196
2737841343	239	4	149	2	96	2.6e-23	82.1	pfam01926	MMR_HSR1	114
2737841344	393	121	337	159	351	8.6e-13	48.1	pfam01494	FAD_binding_3	356
2737841345	239	30	84	1	54	8.1e-19	66.7	pfam10411	DsbC_N	54
2737841345	239	112	234	2	109	3.3e-32	111	pfam13098	Thioredoxin_2	109
2737841346	151	11	149	6	137	1.9e-31	109.1	pfam11911	DUF3429	138
2737841347	300	278	300	2	22	1.5e-06	28.5	pfam05299	Peptidase_M61	118
2737841348	192	2	124	2	121	3.1e-54	182.3	pfam00449	Urease_alpha	121
2737841348	192	130	192	1	72	1.3e-11	44.3	pfam01979	Amidohydro_1	344
2737841349	112	3	100	1	97	8.5e-42	141	pfam00699	Urease_beta	98
2737841351	100	1	99	1	99	4.1e-48	161.6	pfam00547	Urease_gamma	99
2737841352	426	36	415	1	362	0.0e+00	575.9	pfam13433	Peripla_BP_5	364
2737841353	516	233	510	2	267	8.3e-51	172.6	pfam02653	BPD_transp_2	268
2737841354	390	20	165	2	136	7.5e-34	117.1	pfam00005	ABC_tran	137
2737841354	390	282	351	1	76	7.0e-06	26	pfam08402	TOBE_2	76
2737841355	544	72	271	3	174	2.0e-13	50.3	pfam00528	BPD_transp_1	185
2737841355	544	348	540	2	168	1.9e-06	27.6	pfam00528	BPD_transp_1	185
2737841356	311	26	255	3	239	1.4e-28	99.7	pfam00520	Ion_trans	245
2737841357	109	31	77	2	45	2.4e-12	46.4	pfam01022	HTH_5	47
2737841359	185	13	119	1	82	5.9e-34	115.9	pfam06750	DiS_P_DiS	84
2737841359	185	129	185	4	58	1.9e-07	31.3	pfam01478	Peptidase_A24	107
2737841360	405	70	193	2	125	7.6e-28	96.8	pfam00482	T2SSF	125
2737841360	405	275	397	1	125	1.2e-25	89.8	pfam00482	T2SSF	125
2737841361	433	23	293	5	271	1.6e-82	276.5	pfam00437	T2SSE	273
2737841362	328	24	188	4	173	1.4e-42	145.2	pfam02779	Transket_pyr	178
2737841362	328	202	318	1	124	6.7e-30	103.4	pfam02780	Transketolase_C	124
2737841363	359	35	322	7	285	4.6e-57	193.4	pfam03480	DctP	286
2737841364	374	28	87	4	56	8.6e-12	44.7	pfam00126	HTH_1	60
2737841364	374	139	330	8	192	7.5e-53	178.4	pfam12727	PBP_like	193
2737841365	200	29	163	3	131	1.1e-24	86.7	pfam04290	DctQ	132
2737841366	349	15	331	2	206	7.0e-32	110.7	pfam01546	Peptidase_M20	207
2737841366	349	123	226	9	100	7.3e-08	32.2	pfam07687	M20_dimer	109
2737841367	527	69	446	1	374	9.9e-83	278	pfam00496	SBP_bac_5	377
2737841368	302	109	302	1	184	4.8e-29	101.3	pfam00528	BPD_transp_1	185
2737841369	126	23	123	1	78	3.6e-14	53.3	pfam00005	ABC_tran	137
2737841370	258	1	214	10	127	1.2e-14	54.3	pfam01656	CbiA	128
2737841371	86	14	83	1	68	1.1e-25	89.2	pfam03776	MinE	68
2737841372	872	175	327	2	127	7.4e-07	28.9	pfam02775	TPP_enzyme_C	153
2737841372	872	456	644	1	176	1.3e-19	70.8	pfam01558	POR	177
2737841373	65	31	65	2	35	1.3e-05	25.2	pfam08521	2CSK_N	141
2737841374	222	3	113	2	111	5.4e-26	90.8	pfam00072	Response_reg	112
2737841374	222	144	218	1	77	4.3e-18	65	pfam00486	Trans_reg_C	77
2737841375	417	32	322	19	276	6.7e-21	75.4	pfam01547	SBP_bac_1	315
2737841376	292	84	290	3	180	4.9e-15	55.6	pfam00528	BPD_transp_1	185
2737841377	284	76	279	5	183	2.4e-15	56.6	pfam00528	BPD_transp_1	185
2737841378	355	20	163	1	136	6.6e-34	117.2	pfam00005	ABC_tran	137
2737841378	355	279	346	2	76	4.4e-10	39.4	pfam08402	TOBE_2	76
2737841380	207	33	207	8	158	1.5e-09	37.9	pfam01578	Cytochrom_C_asm	214
2737841381	460	5	82	1	75	3.0e-19	68.9	pfam02881	SRP54_N	75
2737841381	460	100	296	1	195	4.1e-68	228.8	pfam00448	SRP54	196
2737841381	460	328	428	2	99	5.8e-30	103.7	pfam02978	SRP_SPB	99
2737841382	445	4	102	1	98	1.7e-30	104.8	pfam00919	UPF0004	98
2737841382	445	149	324	1	167	3.8e-26	92.3	pfam04055	Radical_SAM	167
2737841382	445	377	442	2	62	1.9e-15	56.4	pfam01938	TRAM	62
2737841383	107	1	52	72	123	1.6e-14	54.2	pfam11136	DUF2889	123
2737841384	552	9	469	3	419	2.7e-86	289.7	pfam00501	AMP-binding	423
2737841385	276	85	170	6	86	2.9e-12	46.3	pfam00027	cNMP_binding	88
2737841385	276	202	273	2	66	1.4e-12	47.3	pfam13545	HTH_Crp_2	68
2737841386	302	26	71	2	48	7.9e-08	31.7	pfam01479	S4	48
2737841386	302	85	267	3	161	3.2e-12	46.7	pfam00849	PseudoU_synth_2	161
2737841387	341	73	318	1	239	3.3e-33	115	pfam13343	SBP_bac_6	243
2737841388	655	26	183	2	110	1.8e-13	50.9	pfam02518	HATPase_c	111
2737841388	655	220	655	75	486	5.3e-126	421.4	pfam00183	HSP90	518
2737841389	212	1	212	19	241	3.2e-10	39.3	pfam07690	MFS_1	353
2737841390	145	1	65	58	121	9.5e-26	90.9	pfam11748	DUF3306	121
2737841391	702	179	201	3	23	4.1e-06	26.3	pfam00037	Fer4	24
2737841391	702	295	324	4	15	5.8e-01	10.7	pfam12800	Fer4_4	17
2737841391	702	329	352	1	24	9.0e-09	34.7	pfam00037	Fer4	24
2737841391	702	568	615	1	51	8.3e-08	32.1	pfam13187	Fer4_9	51
2737841392	208	50	175	8	137	5.2e-26	91.2	pfam02613	Nitrate_red_del	137
2737841393	372	41	331	4	281	3.7e-34	118.3	pfam03480	DctP	286
2737841394	207	26	161	2	130	2.0e-24	85.9	pfam04290	DctQ	132
2737841395	1048	18	184	8	170	1.8e-07	31	pfam00270	DEAD	176
2737841395	1048	223	356	15	110	6.0e-11	42.6	pfam00271	Helicase_C	111
2737841395	1048	417	536	3	85	8.0e-16	58.1	pfam04408	HA2	102
2737841395	1048	502	652	1	113	2.0e-13	50.3	pfam07717	OB_NTP_bind	114
2737841395	1048	665	1048	1	332	1.1e-123	413.9	pfam11898	DUF3418	583
2737841396	122	26	121	1	91	1.8e-08	34.2	pfam00696	AA_kinase	241
2737841397	92	1	66	217	280	1.0e-13	51.3	pfam01116	F_bP_aldolase	280
2737841398	302	15	279	2	243	1.2e-102	342.6	pfam01259	SAICAR_synt	251
2737841399	173	4	155	8	93	1.7e-22	79.2	pfam06127	DUF962	95
2737841400	317	1	105	5	104	1.9e-27	95.1	pfam00085	Thioredoxin	104
2737841400	317	124	186	2	53	9.9e-11	41.9	pfam14559	TPR_19	68
2737841400	317	200	281	7	78	1.4e-13	50.9	pfam14561	TPR_20	90
2737841401	169	5	154	2	147	1.8e-63	212.4	pfam00731	AIRC	148
2737841403	361	80	213	2	133	3.0e-30	105.2	pfam04116	FA_hydroxylase	133
2737841405	100	11	93	4	82	1.0e-22	80.4	pfam01649	Ribosomal_S20p	82
2737841406	560	67	524	1	437	3.1e-128	428.1	pfam03023	MVIN	452
2737841407	286	44	207	1	155	5.0e-43	146.2	pfam13369	Transglut_core2	155
2737841407	286	209	280	1	71	9.8e-19	67.2	pfam13371	TPR_9	73
2737841408	343	9	163	16	93	2.2e-13	50.5	pfam00586	AIRS	94
2737841408	343	175	342	1	151	1.7e-34	119.1	pfam02769	AIRS_C	156
2737841409	363	4	339	6	321	8.0e-52	176.3	pfam01594	AI-2E_transport	327
2737841410	228	10	79	4	60	1.0e-06	28.6	pfam00308	Bac_DnaA	219
2737841410	228	86	212	100	214	3.0e-08	33.6	pfam00308	Bac_DnaA	219
2737841411	204	4	191	1	188	4.8e-38	131.3	pfam12710	HAD	188
2737841412	129	7	129	1	124	1.7e-28	99.3	pfam00106	adh_short	195
2737841413	316	5	300	2	271	8.3e-32	110.8	pfam00698	Acyl_transf_1	319
2737841414	325	113	190	1	80	5.5e-34	115.7	pfam08545	ACP_syn_III	80
2737841414	325	236	325	1	90	3.1e-37	126.5	pfam08541	ACP_syn_III_C	90
2737841415	354	7	327	2	321	1.3e-101	339.7	pfam02504	FA_synthesis	323
2737841416	60	2	56	1	55	4.5e-20	71.5	pfam01783	Ribosomal_L32p	56
2737841417	145	15	145	2	125	6.0e-30	104	pfam01810	LysE	193
2737841418	193	8	193	2	188	6.4e-56	189	pfam00117	GATase	190
2737841419	499	27	177	1	142	2.6e-31	108.6	pfam04715	Anth_synt_I_N	142
2737841419	499	225	483	2	258	8.2e-93	310.5	pfam00425	Chorismate_bind	258
2737841420	244	14	210	1	178	8.1e-32	110.6	pfam13419	HAD_2	178
2737841421	226	6	209	2	198	2.6e-84	281.4	pfam00834	Ribul_P_3_epim	198
2737841422	130	16	102	2	86	2.2e-34	117.4	pfam04379	DUF525	87
2737841423	116	24	116	1	76	3.4e-20	72.4	pfam00586	AIRS	94
2737841424	269	1	246	87	307	6.0e-78	262	pfam00344	SecY	307
2737841425	37	1	37	1	38	2.9e-18	65.6	pfam00444	Ribosomal_L36	38
2737841427	121	3	108	1	128	3.7e-31	108	pfam00416	Ribosomal_S13	128
2737841428	134	24	133	1	110	1.8e-48	163.4	pfam00411	Ribosomal_S11	110
2737841429	207	3	96	1	84	3.5e-31	107.9	pfam00163	Ribosomal_S4	84
2737841429	207	97	144	2	48	1.7e-20	72.3	pfam01479	S4	48
2737841430	330	26	224	1	69	1.1e-21	75.9	pfam01193	RNA_pol_L	69
2737841430	330	56	156	15	108	4.4e-25	88.1	pfam01000	RNA_pol_A_bac	112
2737841430	330	249	310	10	66	9.9e-25	86	pfam03118	RNA_pol_A_CTD	67
2737841431	128	20	116	1	94	8.6e-35	119.4	pfam01196	Ribosomal_L17	94
2737841433	129	1	127	29	154	3.8e-47	159.6	pfam02464	CinA	155
2737841434	179	29	177	1	142	9.2e-47	158.5	pfam04608	PgpA	143
2737841437	552	44	247	17	195	3.3e-20	72.3	pfam00378	ECH_1	251
2737841438	255	65	108	1	36	8.5e-06	25.2	pfam00132	Hexapep	36
2737841438	255	118	153	1	35	2.8e-06	26.7	pfam00132	Hexapep	36
2737841439	243	2	156	3	142	5.7e-28	97.7	pfam00588	SpoU_methylase	142
2737841440	246	30	245	1	212	1.9e-35	122.9	pfam06629	MipA	212
2737841441	307	1	260	5	264	1.1e-64	218.4	pfam00459	Inositol_P	272
2737841442	878	10	122	1	113	4.4e-39	133.1	pfam01624	MutS_I	113
2737841442	878	130	264	3	137	8.7e-13	48.6	pfam05188	MutS_II	137
2737841442	878	280	578	1	189	3.5e-29	102.2	pfam05192	MutS_III	190
2737841442	878	447	538	1	92	2.9e-28	97.9	pfam05190	MutS_IV	92
2737841442	878	633	820	1	188	5.3e-79	264.5	pfam00488	MutS_V	188
2737841444	314	13	50	2	38	1.0e-19	70	pfam06689	zf-C4_ClpX	39
2737841444	314	113	312	3	170	2.5e-49	167.6	pfam07724	AAA_2	171
2737841445	202	20	201	2	181	6.9e-86	286.6	pfam00574	CLP_protease	182
2737841446	437	1	144	1	140	1.4e-37	129.1	pfam05697	Trigger_N	142
2737841446	437	156	245	4	91	6.4e-15	55.1	pfam00254	FKBP_C	94
2737841446	437	264	418	1	161	4.2e-34	117.8	pfam05698	Trigger_C	162
2737841448	113	1	102	916	1018	1.7e-21	75.6	pfam00873	ACR_tran	1021
2737841449	353	61	193	8	134	2.4e-23	82.2	pfam01584	CheW	138
2737841449	353	222	352	2	136	3.0e-23	81.9	pfam01584	CheW	138
2737841450	348	121	336	2	186	2.3e-34	118.5	pfam01739	CheR	195
2737841451	365	4	115	2	106	7.5e-22	77.5	pfam00072	Response_reg	112
2737841451	365	169	347	1	170	1.4e-45	154.9	pfam01339	CheB_methylest	170
2737841452	96	6	96	1	82	5.8e-22	77.9	pfam00072	Response_reg	112
2737841453	194	9	141	2	138	9.0e-28	96.9	pfam13580	SIS_2	138
2737841454	208	51	118	2	69	1.6e-13	50.6	pfam04972	BON	69
2737841454	208	127	192	2	63	1.1e-12	48	pfam04972	BON	69
2737841455	301	16	177	1	154	5.5e-47	159.7	pfam03446	NAD_binding_2	158
2737841455	301	180	300	1	121	2.8e-35	121.1	pfam14833	NAD_binding_11	122
2737841456	227	6	227	2	217	6.6e-34	117.3	pfam01168	Ala_racemase_N	219
2737841457	90	1	83	165	217	1.7e-09	37.5	pfam01557	FAA_hydrolase	218
2737841458	238	14	193	2	178	6.9e-49	165.8	pfam03741	TerC	180
2737841459	298	6	102	1	96	9.7e-22	77.3	pfam02629	CoA_binding	96
2737841459	298	160	279	1	143	2.7e-16	59.6	pfam00549	Ligase_CoA	153
2737841460	386	2	203	1	200	2.1e-80	268.9	pfam08442	ATP-grasp_2	202
2737841460	386	262	382	1	151	6.3e-25	87.6	pfam00549	Ligase_CoA	153
2737841461	262	42	118	59	119	1.1e-05	25.7	pfam01118	Semialdhyde_dh	121
2737841462	254	10	129	1	117	2.6e-18	66.6	pfam03447	NAD_binding_3	117
2737841462	254	137	253	1	115	1.4e-41	142.2	pfam00742	Homoserine_dh	173
2737841463	413	33	395	2	362	7.3e-48	163.4	pfam00155	Aminotran_1_2	363
2737841464	125	13	122	1	108	8.1e-30	103	pfam04430	DUF498	109
2737841465	161	5	134	2	123	4.6e-31	107.2	pfam00578	AhpC-TSA	124
2737841466	559	102	248	1	131	4.0e-38	130.6	pfam13638	PIN_4	131
2737841466	559	344	558	2	194	1.2e-53	181.5	pfam02562	PhoH	205
2737841468	405	39	128	1	85	1.4e-18	66.5	pfam00355	Rieske	89
2737841468	405	168	397	13	185	3.6e-14	53.1	pfam00848	Ring_hydroxyl_A	214
2737841469	311	8	67	1	59	6.5e-15	54.7	pfam00126	HTH_1	60
2737841469	311	92	300	4	203	2.5e-24	85.7	pfam03466	LysR_substrate	209
2737841470	342	1	323	22	339	6.9e-66	223.1	pfam13458	Peripla_BP_6	342
2737841471	238	1	204	63	252	3.0e-25	88.6	pfam00749	tRNA-synt_1c	314
2737841472	245	68	240	1	173	1.3e-55	187.4	pfam02390	Methyltransf_4	173
2737841473	305	102	249	1	159	7.2e-21	74.8	pfam00849	PseudoU_synth_2	161
2737841474	377	166	286	3	113	4.3e-24	85	pfam01841	Transglut_core	113
2737841475	145	1	109	12	122	1.4e-21	76.5	pfam00578	AhpC-TSA	124
2737841476	184	11	184	2	177	2.5e-34	118.5	pfam00909	Ammonium_transp	399
2737841477	189	5	80	3	75	3.4e-20	72	pfam01169	UPF0016	75
2737841477	189	104	179	1	75	2.2e-23	82.2	pfam01169	UPF0016	75
2737841478	385	43	361	1	255	5.4e-37	127.7	pfam00561	Abhydrolase_1	256
2737841479	194	6	191	5	193	4.8e-66	221.9	pfam07021	MetW	193
2737841480	76	5	74	1	58	7.9e-30	102.2	pfam10932	DUF2783	59
2737841481	563	24	364	4	355	2.1e-61	208	pfam01494	FAD_binding_3	356
2737841482	268	25	88	1	64	1.3e-23	82.3	pfam00392	GntR	64
2737841482	268	112	238	1	123	2.4e-22	79.5	pfam07729	FCD	125
2737841483	62	33	62	1	29	9.5e-09	35.2	pfam08212	Lipocalin_2	143
2737841484	32	2	32	1	30	2.0e-07	30.6	pfam01220	DHquinase_II	138
2737841485	343	30	313	1	281	1.6e-90	303.2	pfam03480	DctP	286
2737841486	425	7	416	1	416	2.4e-119	398.7	pfam06808	DctM	416
2737841487	179	24	154	1	131	1.4e-30	105.8	pfam04290	DctQ	132
2737841488	227	31	77	1	47	1.7e-12	46.8	pfam00440	TetR_N	47
2737841489	198	13	173	2	158	1.5e-34	119.4	pfam03446	NAD_binding_2	158
2737841490	1097	5	84	2	78	1.2e-27	96.5	pfam08379	Bact_transglu_N	80
2737841490	1097	128	246	3	113	1.8e-20	73.3	pfam01841	Transglut_core	113
2737841490	1097	276	1097	1	784	0.0e+00	1301	pfam09899	DUF2126	818
2737841491	221	9	218	3	171	3.6e-21	75.4	pfam13567	DUF4131	176
2737841492	185	8	155	2	141	3.0e-47	160.1	pfam11749	DUF3305	141
2737841493	928	2	79	3	81	2.4e-16	59.4	pfam13510	Fer2_4	82
2737841493	928	193	213	6	23	9.8e-07	28.2	pfam00037	Fer4	24
2737841493	928	224	277	3	54	1.1e-16	60.4	pfam04879	Molybdop_Fe4S4	55
2737841493	928	280	724	1	431	2.7e-86	290.1	pfam00384	Molybdopterin	432
2737841493	928	813	919	2	111	1.9e-25	88.9	pfam01568	Molydop_binding	111
2737841494	204	37	88	2	57	6.8e-09	35.3	pfam10531	SLBB	58
2737841494	204	125	203	1	84	3.4e-23	81.4	pfam10589	NADH_4Fe-4S	85
2737841496	148	4	146	1	143	3.4e-54	182.7	pfam09424	YqeY	143
2737841497	70	3	57	1	55	1.5e-20	72.5	pfam01165	Ribosomal_S21	55
2737841498	410	4	403	2	408	0.0e+00	448.1	pfam03486	HI0933_like	409
2737841499	286	33	247	1	211	4.2e-46	157.4	pfam00590	TP_methylase	212
2737841501	303	26	288	1	254	9.0e-21	74.5	pfam00561	Abhydrolase_1	256
2737841502	246	49	174	1	113	3.0e-18	65.8	pfam01926	MMR_HSR1	114
2737841503	209	35	111	2	90	1.6e-06	29	pfam00034	Cytochrom_C	92
2737841503	209	123	209	10	90	1.8e-08	35.3	pfam00034	Cytochrom_C	92
2737841504	687	8	674	1	495	0.0e+00	529.2	pfam05140	ResB	495
2737841505	437	172	432	1	214	4.0e-46	157.3	pfam01578	Cytochrom_C_asm	214
2737841506	168	103	168	9	82	1.4e-04	21.4	pfam00174	Oxidored_molyb	172
2737841508	213	9	194	2	197	1.7e-25	90	pfam00753	Lactamase_B	197
2737841509	295	92	281	7	194	1.1e-30	106.7	pfam01435	Peptidase_M48	196
2737841510	287	31	178	6	86	6.9e-07	28	pfam13000	Acatn	548
2737841511	238	6	203	4	164	4.8e-35	120.9	pfam00378	ECH_1	251
2737841512	231	17	160	1	136	4.7e-29	101.5	pfam00005	ABC_tran	137
2737841513	258	22	178	2	137	7.1e-27	94.5	pfam00005	ABC_tran	137
2737841513	258	225	247	1	23	3.1e-08	33.2	pfam12399	BCA_ABC_TP_C	23
2737841514	430	37	312	5	264	1.8e-29	102.6	pfam02653	BPD_transp_2	268
2737841515	344	7	333	2	251	4.0e-34	117.9	pfam02653	BPD_transp_2	268
2737841516	410	27	375	1	340	5.0e-63	213.8	pfam13458	Peripla_BP_6	342
2737841517	542	16	441	7	422	1.2e-80	271	pfam00501	AMP-binding	423
2737841517	542	449	524	2	74	1.9e-13	51.1	pfam13193	AMP-binding_C	74
2737841518	67	29	67	1	39	8.4e-16	57.4	pfam01502	PRA-CH	74
2737841519	266	5	249	1	229	6.6e-88	293.9	pfam00977	His_biosynth	229
2737841520	293	16	289	8	300	2.7e-39	135.1	pfam01263	Aldose_epim	301
2737841521	246	2	233	2	228	2.0e-79	266.1	pfam00977	His_biosynth	229
2737841522	218	7	216	2	187	6.4e-18	65.1	pfam00117	GATase	190
2737841523	200	36	179	2	143	3.7e-62	208.7	pfam00475	IGPD	144
2737841524	364	32	360	36	362	2.8e-42	145.1	pfam00155	Aminotran_1_2	363
2737841525	54	1	44	366	409	3.2e-08	32.9	pfam00815	Histidinol_dh	409
2737841526	256	6	243	1	103	1.2e-18	66.9	pfam00389	2-Hacid_dh	134
2737841526	256	110	256	1	143	6.4e-44	149.3	pfam02826	2-Hacid_dh_C	178
2737841527	474	31	473	3	448	0.0e+00	652.5	pfam16980	CitMHS_2	448
2737841528	394	161	392	2	239	4.5e-70	235.9	pfam04095	NAPRTase	241
2737841529	221	21	166	3	136	9.4e-31	107	pfam00005	ABC_tran	137
2737841530	199	129	151	1	23	4.2e-07	29.6	pfam12399	BCA_ABC_TP_C	23
2737841533	462	11	174	4	155	2.1e-34	118.8	pfam02417	Chromate_transp	156
2737841533	462	272	456	2	155	3.0e-29	102.1	pfam02417	Chromate_transp	156
2737841534	440	1	150	126	262	2.9e-19	69.7	pfam00664	ABC_membrane	274
2737841534	440	216	365	1	137	2.0e-33	115.7	pfam00005	ABC_tran	137
2737841535	169	94	159	2	63	8.7e-22	77	pfam00986	DNA_gyraseB_C	63
2737841536	787	38	504	1	426	4.5e-125	417.7	pfam00521	DNA_topoisoIV	427
2737841536	787	576	608	1	30	9.8e-01	8.8	pfam03989	DNA_gyraseA_C	48
2737841536	787	689	735	3	45	3.2e-05	23.2	pfam03989	DNA_gyraseA_C	48
2737841537	101	1	96	67	161	2.4e-34	118.7	pfam09351	DUF1993	161
2737841538	562	450	562	9	93	1.3e-07	32	pfam02518	HATPase_c	111
2737841539	232	7	117	1	111	3.7e-21	75.3	pfam00072	Response_reg	112
2737841539	232	146	224	4	77	1.1e-11	44.4	pfam00486	Trans_reg_C	77
2737841540	98	13	89	4	77	3.1e-09	36.6	pfam00486	Trans_reg_C	77
2737841541	547	63	136	2	75	2.4e-12	46.4	pfam08479	POTRA_2	76
2737841542	190	69	186	4	118	1.3e-22	79.8	pfam05860	Haemagg_act	121
2737841543	111	1	84	51	122	6.9e-09	36.1	pfam07729	FCD	125
2737841544	350	6	100	1	83	1.9e-15	56.5	pfam00355	Rieske	89
2737841545	102	19	94	4	76	3.8e-12	45.9	pfam00111	Fer2	78
2737841546	246	6	231	40	210	2.2e-09	38.1	pfam12697	Abhydrolase_6	212
2737841547	151	14	144	5	122	7.7e-11	42.1	pfam13577	SnoaL_4	127
2737841548	346	33	322	3	282	4.8e-45	154	pfam03480	DctP	286
2737841549	165	26	154	3	125	4.5e-22	78.2	pfam04290	DctQ	132
2737841550	357	13	357	1	347	2.2e-75	253.9	pfam06808	DctM	416
2737841551	222	26	207	2	150	8.7e-09	35.9	pfam13472	Lipase_GDSL_2	179
2737841552	242	117	223	7	85	8.6e-16	57.5	pfam01464	SLT	117
2737841553	379	5	370	2	356	1.9e-130	434.6	pfam03054	tRNA_Me_trans	356
2737841555	371	101	146	4	44	2.5e-10	40	pfam12801	Fer4_5	48
2737841555	371	226	332	1	113	2.8e-42	143.3	pfam13746	Fer4_18	114
2737841556	305	40	88	2	46	3.2e-24	84.3	pfam14715	FixP_N	48
2737841556	305	130	206	3	67	2.6e-12	46.7	pfam13442	Cytochrome_CBB3	67
2737841556	305	218	293	13	67	4.0e-11	43	pfam13442	Cytochrome_CBB3	67
2737841557	46	1	45	6	49	1.8e-11	43.7	pfam05545	FixQ	49
2737841558	208	12	192	1	178	2.0e-83	279	pfam02433	FixO	217
2737841559	478	14	445	2	426	8.3e-116	387.2	pfam00115	COX1	426
2737841560	45	2	45	1	44	1.4e-18	66.1	pfam03597	FixS	44
2737841563	137	4	83	1	80	2.1e-28	97.9	pfam02823	ATP-synt_DE_N	80
2737841563	137	87	132	2	45	6.5e-07	29.4	pfam00401	ATP-synt_DE	47
2737841564	467	7	72	1	69	1.1e-18	67.4	pfam02874	ATP-synt_ab_N	69
2737841564	467	129	348	1	213	8.6e-61	205.2	pfam00006	ATP-synt_ab	213
2737841565	295	3	293	3	278	4.5e-92	308.6	pfam00231	ATP-synt	279
2737841566	517	24	97	3	69	1.4e-14	54.2	pfam02874	ATP-synt_ab_N	69
2737841566	517	154	380	1	213	1.3e-73	247.1	pfam00006	ATP-synt_ab	213
2737841566	517	387	512	1	126	6.5e-43	145.9	pfam00306	ATP-synt_ab_C	126
2737841567	180	7	178	1	172	4.2e-45	153.8	pfam00213	OSCP	172
2737841568	156	6	137	1	131	4.2e-26	91.5	pfam00430	ATP-synt_B	132
2737841569	82	10	73	1	59	7.6e-12	45.3	pfam00137	ATP-synt_C	60
2737841570	292	49	286	2	210	1.3e-55	188.4	pfam00119	ATP-synt_A	211
2737841571	172	50	148	1	100	8.3e-13	48.4	pfam03899	ATP-synt_I	100
2737841572	148	45	147	2	105	6.4e-12	45.7	pfam05425	CopD	105
2737841573	97	16	97	2	82	8.3e-27	93.5	pfam04359	DUF493	84
2737841574	728	14	54	2	39	1.2e-16	59.8	pfam16078	2-oxogl_dehyd_N	41
2737841574	728	215	529	9	269	9.0e-40	136.3	pfam00676	E1_dh	300
2737841574	728	601	728	3	105	2.6e-33	115	pfam02779	Transket_pyr	178
2737841576	632	4	58	2	55	3.2e-19	68.4	pfam16177	ACAS_N	55
2737841576	632	59	505	2	422	3.5e-81	272.8	pfam00501	AMP-binding	423
2737841576	632	513	596	1	74	2.4e-22	79.6	pfam13193	AMP-binding_C	74
2737841577	67	1	45	131	174	7.3e-09	35.9	pfam00857	Isochorismatase	175
2737841579	280	20	267	1	245	8.4e-94	313.4	pfam08543	Phos_pyr_kin	246
2737841580	239	11	192	1	181	7.0e-65	217.6	pfam02581	TMP-TENI	181
2737841581	280	17	267	1	243	3.5e-74	249.1	pfam02110	HK	246
2737841582	357	7	323	4	277	2.2e-15	56.5	pfam07992	Pyr_redox_2	292
2737841583	109	6	29	1	16	7.9e-02	13.4	pfam12800	Fer4_4	17
2737841583	109	33	56	2	24	4.6e-07	29.2	pfam00037	Fer4	24
2737841583	109	66	109	1	41	4.0e-17	61.8	pfam11953	DUF3470	42
2737841584	440	17	303	4	182	6.6e-35	120.3	pfam00009	GTP_EFTU	194
2737841586	89	5	78	1	74	2.6e-28	97.6	pfam01313	Bac_export_3	74
2737841587	252	53	245	1	191	5.2e-78	261.2	pfam00813	FliP	191
2737841588	113	27	113	1	87	1.9e-15	56.8	pfam04347	FliO	90
2737841589	99	19	91	3	71	3.6e-22	78	pfam01052	FliMN_C	73
2737841590	329	39	232	14	192	7.6e-46	156.3	pfam02154	FliM	192
2737841590	329	256	324	5	70	5.4e-12	45.4	pfam01052	FliMN_C	73
2737841591	205	105	205	1	103	2.5e-15	56.8	pfam03748	FliL	103
2737841592	487	361	445	3	84	4.4e-16	58.4	pfam02120	Flg_hook	85
2737841593	79	30	79	1	50	6.7e-15	54.5	pfam00771	FHIPEP	658
2737841594	271	15	271	2	253	3.0e-80	269.9	pfam08007	Cupin_4	319
2737841595	177	1	93	7	76	4.5e-06	26.8	pfam00254	FKBP_C	94
2737841596	149	13	147	4	129	1.7e-35	121.4	pfam00692	dUTPase	129
2737841597	403	7	184	1	154	8.9e-41	139.1	pfam02441	Flavoprotein	158
2737841597	403	189	374	2	185	8.5e-66	221.2	pfam04127	DFP	186
2737841598	548	3	270	1	266	1.2e-123	411.4	pfam06418	CTP_synth_N	266
2737841598	548	304	540	2	190	2.0e-54	184.1	pfam00117	GATase	190
2737841599	284	3	275	13	273	1.7e-63	213.9	pfam00793	DAHP_synth_1	275
2737841600	95	2	95	1	94	4.9e-32	110	pfam07045	DUF1330	94
2737841601	428	4	134	1	130	1.5e-59	199.7	pfam03952	Enolase_N	131
2737841601	428	139	427	3	294	0.0e+00	442	pfam00113	Enolase_C	296
2737841602	91	13	91	1	77	7.6e-22	76.7	pfam04977	DivIC	80
2737841604	90	4	79	1	74	4.0e-26	90.7	pfam00936	BMC	74
2737841605	89	1	80	1	83	1.7e-12	47.6	pfam03319	EutN_CcmL	83
2737841606	313	34	134	2	100	1.6e-15	57.5	pfam12680	SnoaL_2	102
2737841607	204	138	203	4	61	1.1e-06	28.4	pfam00936	BMC	74
2737841608	499	3	289	25	291	4.1e-19	68.3	pfam00171	Aldedh	462
2737841609	350	7	286	2	267	1.0e-53	182.8	pfam02668	TauD	269
2737841610	251	70	249	3	183	1.3e-21	77.1	pfam00528	BPD_transp_1	185
2737841611	254	18	159	1	136	8.3e-22	78	pfam00005	ABC_tran	137
2737841612	287	1	218	10	150	2.0e-13	50.7	pfam09084	NMT1	216
2737841613	468	71	365	7	251	3.1e-51	174.5	pfam01523	PmbA_TldD	251
2737841614	218	35	200	2	154	6.9e-47	159.1	pfam04751	DUF615	154
2737841615	205	17	161	1	138	6.4e-30	103.6	pfam00994	MoCF_biosynth	144
2737841616	851	234	316	2	80	1.8e-23	82.3	pfam03979	Sigma70_r1_1	82
2737841616	851	331	364	1	32	2.1e-12	46.7	pfam00140	Sigma70_r1_2	34
2737841616	851	372	585	2	204	3.2e-56	190.3	pfam04546	Sigma70_ner	204
2737841616	851	616	686	1	70	2.7e-21	75	pfam04542	Sigma70_r2	71
2737841616	851	695	772	1	76	1.6e-22	79.3	pfam04539	Sigma70_r3	78
2737841616	851	784	837	2	50	1.6e-18	65.8	pfam04545	Sigma70_r4	50
2737841617	134	23	132	2	84	1.3e-14	54.5	pfam03692	CxxCxxCC	85
2737841620	632	10	565	1	550	0.0e+00	702.8	pfam01411	tRNA-synt_2c	552
2737841621	382	27	382	1	358	1.2e-124	416.2	pfam00171	Aldedh	462
2737841622	218	1	96	17	110	2.2e-25	89	pfam00271	Helicase_C	111
2737841622	218	146	217	1	71	7.2e-22	77	pfam03880	DbpA	72
2737841623	151	19	144	10	125	1.2e-26	92.8	pfam02130	UPF0054	127
2737841624	326	100	304	2	205	4.5e-93	310.3	pfam02562	PhoH	205
2737841625	191	1	62	1	60	2.3e-22	78.7	pfam01330	RuvA_N	60
2737841625	191	72	131	1	56	2.6e-19	69.5	pfam14520	HHH_5	57
2737841625	191	146	190	1	46	7.6e-12	45.4	pfam07499	RuvA_C	47
2737841626	233	15	233	7	218	6.5e-108	359.3	pfam05496	RuvB_N	234
2737841627	707	32	134	3	87	1.6e-03	18.5	pfam13426	PAS_9	102
2737841627	707	210	280	3	54	1.6e-04	21.5	pfam13188	PAS_8	67
2737841627	707	377	455	59	102	9.7e-02	12.8	pfam13426	PAS_9	102
2737841627	707	478	543	1	61	2.5e-07	30.5	pfam00512	HisKA	64
2737841627	707	593	704	1	109	3.9e-22	78.8	pfam02518	HATPase_c	111
2737841628	644	186	256	2	67	6.3e-12	45.4	pfam00672	HAMP	69
2737841628	644	449	641	2	207	5.7e-40	137.2	pfam00015	MCPsignal	207
2737841629	155	23	154	27	129	1.3e-16	60.7	pfam17200	sCache_2	155
2737841630	648	4	183	1	181	8.0e-25	87.3	pfam12729	4HB_MCP_1	181
2737841630	648	190	260	2	64	2.2e-11	43.7	pfam00672	HAMP	69
2737841630	648	454	646	4	207	4.3e-41	140.8	pfam00015	MCPsignal	207
2737841631	154	1	136	102	237	7.0e-33	114	pfam00563	EAL	238
2737841633	259	183	258	2	75	1.7e-17	63.4	pfam05036	SPOR	76
2737841634	164	6	145	2	133	2.4e-32	111.8	pfam02674	Colicin_V	144
2737841635	504	78	213	9	122	4.9e-18	65.1	pfam13537	GATase_7	124
2737841635	504	266	416	11	122	3.0e-09	36.5	pfam00156	Pribosyltran	159
2737841636	159	13	159	1	145	5.8e-37	127	pfam01053	Cys_Met_Meta_PP	382
2737841637	172	1	107	3	101	1.2e-10	41.4	pfam13426	PAS_9	102
2737841637	172	113	169	2	55	5.3e-14	51.4	pfam00196	GerE	57
2737841638	139	50	133	3	83	1.0e-23	83.1	pfam02627	CMD	85
2737841639	198	42	110	5	52	1.2e-08	34.7	pfam02627	CMD	85
2737841640	230	32	78	2	47	1.4e-10	40.7	pfam00440	TetR_N	47
2737841641	294	12	271	2	247	4.6e-69	232.7	pfam10118	Metal_hydrol	248
2737841642	563	22	85	1	40	1.0e-06	28.8	pfam13450	NAD_binding_8	68
2737841642	563	459	561	1	104	1.2e-49	166.6	pfam05187	ETF_QO	104
2737841645	105	13	104	2	92	1.9e-36	124.2	pfam06865	DUF1255	92
2737841646	446	15	415	2	367	4.8e-58	197.2	pfam00764	Arginosuc_synth	388
2737841647	350	21	155	2	138	9.8e-19	67.3	pfam01565	FAD_binding_4	139
2737841647	350	222	350	2	106	4.5e-31	107	pfam02873	MurB_C	106
2737841648	52	2	52	1	52	1.2e-16	61.2	pfam04461	DUF520	161
2737841649	256	12	172	21	159	5.4e-08	33.3	pfam13191	AAA_16	170
2737841650	427	82	158	2	77	1.3e-18	66.8	pfam04422	FrhB_FdhB_N	78
2737841650	427	165	320	2	144	2.1e-29	102.2	pfam04432	FrhB_FdhB_C	155
2737841651	196	3	191	2	211	1.9e-50	171.2	pfam07298	NnrU	211
2737841652	108	40	105	1	66	3.6e-23	81.6	pfam01355	HIPIP	66
2737841653	228	21	178	2	136	2.0e-20	73.6	pfam00005	ABC_tran	137
2737841654	59	22	59	4	38	2.1e-06	27.3	pfam03379	CcmB	215
2737841656	400	4	268	2	259	1.4e-67	227.7	pfam00108	Thiolase_N	260
2737841656	400	275	399	2	123	2.5e-44	149.7	pfam02803	Thiolase_C	123
2737841657	145	6	140	2	135	2.5e-53	179.6	pfam08897	DUF1841	135
2737841658	392	1	279	124	179	7.8e-12	45.4	pfam00587	tRNA-synt_2b	179
2737841658	392	68	198	1	123	8.0e-29	100.1	pfam04073	tRNA_edit	123
2737841658	392	295	389	2	92	1.3e-19	70	pfam03129	HGTP_anticodon	94
2737841659	330	33	325	3	293	5.8e-53	179.7	pfam02608	Bmp	302
2737841660	349	18	337	2	326	1.6e-75	254.4	pfam00962	A_deaminase	328
2737841662	413	26	403	11	375	3.8e-71	239.7	pfam03594	BenE	378
2737841663	340	166	324	319	470	6.0e-18	65.4	pfam07969	Amidohydro_3	473
2737841665	317	6	252	10	258	2.8e-19	69.6	pfam03060	NMO	331
2737841666	596	2	32	1	31	3.2e-09	36.5	pfam12418	AcylCoA_DH_N	32
2737841666	596	35	156	32	113	1.8e-11	44.6	pfam02771	Acyl-CoA_dh_N	113
2737841666	596	160	271	2	96	4.2e-16	58.8	pfam02770	Acyl-CoA_dh_M	97
2737841666	596	283	453	1	145	6.2e-27	94.5	pfam00441	Acyl-CoA_dh_1	150
2737841666	596	462	592	10	123	1.8e-24	86.1	pfam12806	Acyl-CoA_dh_C	124
2737841667	310	3	172	2	180	1.2e-40	139.3	pfam01012	ETF	182
2737841667	310	189	273	2	84	2.4e-33	113.9	pfam00766	ETF_alpha	84
2737841668	251	24	209	7	181	2.4e-47	161.1	pfam01012	ETF	182
2737841669	340	28	312	5	263	1.3e-30	106.6	pfam03480	DctP	286
2737841670	85	20	85	1	64	9.1e-12	44.9	pfam04290	DctQ	132
2737841671	142	1	72	2	64	6.5e-13	48.3	pfam02381	MraZ	72
2737841671	142	73	136	1	56	9.8e-15	54.2	pfam02381	MraZ	72
2737841672	309	5	305	2	308	4.6e-94	315.2	pfam01795	Methyltransf_5	309
2737841673	98	1	87	13	95	5.7e-18	64.5	pfam04999	FtsL	97
2737841674	577	64	214	2	178	6.6e-18	65.6	pfam03717	PBP_dimer	180
2737841674	577	253	550	1	304	7.2e-70	235.5	pfam00905	Transpeptidase	306
2737841675	512	21	101	6	50	1.0e-06	28.8	pfam01225	Mur_ligase	88
2737841675	512	114	317	1	190	1.4e-43	149	pfam08245	Mur_ligase_M	192
2737841675	512	337	434	1	90	1.6e-19	69.8	pfam02875	Mur_ligase_C	91
2737841676	225	31	108	3	88	6.8e-14	51.8	pfam01225	Mur_ligase	88
2737841676	225	118	225	1	99	3.7e-27	95.4	pfam08245	Mur_ligase_M	192
2737841677	364	25	364	5	336	0.0e+00	440	pfam00815	Histidinol_dh	409
2737841678	213	51	208	1	158	5.1e-50	169.4	pfam01634	HisG	160
2737841679	421	6	410	2	414	1.2e-109	366.6	pfam00275	EPSP_synthase	417
2737841680	80	2	74	24	76	6.6e-17	61.4	pfam01722	BolA	76
2737841681	182	1	145	66	210	6.8e-28	97.4	pfam01061	ABC2_membrane	210
2737841683	144	23	120	6	102	2.9e-05	24.4	pfam00581	Rhodanese	107
2737841684	1126	39	149	3	97	1.7e-10	40.8	pfam02310	B12-binding	121
2737841684	1126	194	513	1	231	1.3e-40	139	pfam03308	ArgK	267
2737841684	1126	581	1120	19	513	0.0e+00	476.9	pfam01642	MM_CoA_mutase	513
2737841685	146	48	146	1	96	1.3e-28	99.5	pfam10423	AMNp_N	156
2737841687	291	6	277	2	268	4.8e-36	124.2	pfam02653	BPD_transp_2	268
2737841688	358	42	317	6	268	8.6e-37	126.6	pfam02653	BPD_transp_2	268
2737841689	277	22	187	2	136	7.6e-27	94.4	pfam00005	ABC_tran	137
2737841689	277	236	258	3	23	3.4e-09	36.2	pfam12399	BCA_ABC_TP_C	23
2737841690	272	36	182	2	136	5.6e-29	101.3	pfam00005	ABC_tran	137
2737841691	361	27	351	16	303	1.4e-51	175.3	pfam00501	AMP-binding	423
2737841692	107	6	107	5	96	1.5e-15	57.2	pfam02603	Hpr_kinase_N	125
2737841693	162	13	156	3	143	5.0e-32	110.7	pfam00359	PTS_EIIA_2	144
2737841694	109	3	98	2	85	7.3e-26	90.6	pfam02482	Ribosomal_S30AE	86
2737841695	407	17	247	3	240	3.2e-32	111.7	pfam07690	MFS_1	353
2737841696	328	26	323	5	292	5.9e-54	183.2	pfam01544	CorA	292
2737841697	255	3	247	2	222	9.0e-48	162.4	pfam01048	PNP_UDP_1	234
2737841698	420	24	328	150	422	5.1e-72	242.6	pfam00501	AMP-binding	423
2737841698	420	336	410	1	74	6.6e-18	65.3	pfam13193	AMP-binding_C	74
2737841699	249	7	235	2	228	1.7e-81	273	pfam13660	DUF4147	229
2737841700	326	49	323	2	273	3.7e-87	291.7	pfam03401	TctC	274
2737841701	130	4	126	2	127	4.5e-05	23.5	pfam00903	Glyoxalase	128
2737841702	313	4	277	2	262	1.4e-43	149.2	pfam00682	HMGL-like	264
2737841703	390	1	363	6	368	4.0e-129	430.8	pfam02515	CoA_transf_3	368
2737841705	126	19	113	10	105	2.2e-17	63.4	pfam00581	Rhodanese	107
2737841706	461	31	233	1	187	4.1e-15	55.9	pfam02321	OEP	188
2737841706	461	256	445	1	188	2.5e-23	82.7	pfam02321	OEP	188
2737841707	69	5	68	11	59	4.3e-11	42.5	pfam11127	DUF2892	66
2737841708	1042	1	1036	21	1019	0.0e+00	474.4	pfam00873	ACR_tran	1021
2737841709	639	1	240	228	432	5.4e-18	65	pfam00384	Molybdopterin	432
2737841709	639	505	633	1	110	7.2e-20	70.9	pfam01568	Molydop_binding	111
2737841710	200	86	159	2	52	1.0e-09	38.7	pfam12838	Fer4_7	52
2737841712	400	174	355	1	179	2.7e-17	62.8	pfam01292	Ni_hydr_CYTB	182
2737841714	90	45	90	2	46	3.1e-09	36.8	pfam02634	FdhD-NarQ	237
2737841715	867	39	689	2	602	0.0e+00	588.5	pfam00133	tRNA-synt_1	602
2737841715	867	733	865	1	108	3.8e-21	75.5	pfam08264	Anticodon_1	152
2737841716	345	9	171	6	157	9.5e-51	171.7	pfam06574	FAD_syn	158
2737841716	345	188	329	1	111	1.8e-25	89.3	pfam01687	Flavokinase	111
2737841718	392	10	78	3	57	2.5e-07	30.4	pfam13188	PAS_8	67
2737841718	392	153	308	18	160	2.0e-21	76.3	pfam00990	GGDEF	161
2737841718	392	328	392	8	64	1.5e-14	54	pfam00563	EAL	238
2737841720	259	1	73	14	88	2.5e-14	52.9	pfam00027	cNMP_binding	88
