gene_oid	gene_length	feature_type	start_coord	end_coord
2737832233	62	inside	1	62
2737832234	44	inside	1	44
2737832235	468	outside	1	468
2737832236	368	outside	1	368
2737832237	249	outside	1	249
2737832238	49	inside	1	49
2737832239	370	inside	1	12
2737832239	370	TMhelix	13	35
2737832239	370	outside	36	54
2737832239	370	TMhelix	55	77
2737832239	370	inside	78	97
2737832239	370	TMhelix	98	120
2737832239	370	outside	121	265
2737832239	370	TMhelix	266	285
2737832239	370	inside	286	297
2737832239	370	TMhelix	298	320
2737832239	370	outside	321	324
2737832239	370	TMhelix	325	347
2737832239	370	inside	348	370
2737832240	373	inside	1	6
2737832240	373	TMhelix	7	29
2737832240	373	outside	30	67
2737832240	373	TMhelix	68	85
2737832240	373	inside	86	105
2737832240	373	TMhelix	106	128
2737832240	373	outside	129	288
2737832240	373	TMhelix	289	310
2737832240	373	inside	311	316
2737832240	373	TMhelix	317	339
2737832240	373	outside	340	348
2737832240	373	TMhelix	349	371
2737832240	373	inside	372	373
2737832241	314	outside	1	314
2737832242	363	outside	1	363
2737832243	74	outside	1	14
2737832243	74	TMhelix	15	37
2737832243	74	inside	38	43
2737832243	74	TMhelix	44	66
2737832243	74	outside	67	74
2737832244	443	outside	1	443
2737832245	743	outside	1	743
2737832246	635	outside	1	635
2737832247	180	outside	1	180
2737832249	125	outside	1	125
2737832250	294	outside	1	294
2737832251	263	outside	1	263
2737832252	198	outside	1	198
2737832253	186	outside	1	186
2737832254	60	inside	1	60
2737832255	69	inside	1	4
2737832255	69	TMhelix	5	27
2737832255	69	outside	28	30
2737832255	69	TMhelix	31	50
2737832255	69	inside	51	69
2737832256	321	outside	1	321
2737832257	213	outside	1	213
2737832258	95	outside	1	95
2737832259	176	inside	1	52
2737832259	176	TMhelix	53	75
2737832259	176	outside	76	84
2737832259	176	TMhelix	85	107
2737832259	176	inside	108	119
2737832259	176	TMhelix	120	142
2737832259	176	outside	143	146
2737832259	176	TMhelix	147	169
2737832259	176	inside	170	176
2737832260	289	outside	1	33
2737832260	289	TMhelix	34	56
2737832260	289	inside	57	96
2737832260	289	TMhelix	97	119
2737832260	289	outside	120	141
2737832260	289	TMhelix	142	164
2737832260	289	inside	165	189
2737832260	289	TMhelix	190	209
2737832260	289	outside	210	228
2737832260	289	TMhelix	229	251
2737832260	289	inside	252	257
2737832260	289	TMhelix	258	280
2737832260	289	outside	281	289
2737832261	81	inside	1	6
2737832261	81	TMhelix	7	29
2737832261	81	outside	30	52
2737832261	81	TMhelix	53	75
2737832261	81	inside	76	81
2737832262	156	inside	1	6
2737832262	156	TMhelix	7	29
2737832262	156	outside	30	156
2737832263	176	outside	1	176
2737832264	518	outside	1	518
2737832265	179	outside	1	179
2737832266	170	outside	1	170
2737832267	801	inside	1	32
2737832267	801	TMhelix	33	55
2737832267	801	outside	56	801
2737832268	59	outside	1	59
2737832269	874	outside	1	874
2737832270	205	outside	1	205
2737832271	72	outside	1	72
2737832272	228	outside	1	228
2737832273	177	inside	1	177
2737832274	299	outside	1	299
2737832275	213	outside	1	213
2737832276	76	outside	1	76
2737832277	324	outside	1	324
2737832278	335	outside	1	335
2737832280	109	outside	1	109
2737832281	158	outside	1	158
2737832282	471	outside	1	471
2737832283	358	outside	1	358
2737832284	417	inside	1	47
2737832284	417	TMhelix	48	70
2737832284	417	outside	71	84
2737832284	417	TMhelix	85	107
2737832284	417	inside	108	113
2737832284	417	TMhelix	114	133
2737832284	417	outside	134	147
2737832284	417	TMhelix	148	170
2737832284	417	inside	171	176
2737832284	417	TMhelix	177	199
2737832284	417	outside	200	202
2737832284	417	TMhelix	203	222
2737832284	417	inside	223	226
2737832284	417	TMhelix	227	244
2737832284	417	outside	245	306
2737832284	417	TMhelix	307	329
2737832284	417	inside	330	345
2737832284	417	TMhelix	346	365
2737832284	417	outside	366	379
2737832284	417	TMhelix	380	402
2737832284	417	inside	403	417
2737832285	582	outside	1	582
2737832286	206	inside	1	6
2737832286	206	TMhelix	7	26
2737832286	206	outside	27	40
2737832286	206	TMhelix	41	63
2737832286	206	inside	64	75
2737832286	206	TMhelix	76	98
2737832286	206	outside	99	101
2737832286	206	TMhelix	102	124
2737832286	206	inside	125	128
2737832286	206	TMhelix	129	151
2737832286	206	outside	152	183
2737832286	206	TMhelix	184	203
2737832286	206	inside	204	206
2737832287	266	outside	1	266
2737832288	432	outside	1	432
2737832289	96	outside	1	96
2737832290	234	outside	1	234
2737832291	261	outside	1	261
2737832292	38	outside	1	38
2737832293	215	outside	1	215
2737832294	94	outside	1	94
2737832295	427	outside	1	427
2737832296	95	outside	1	95
2737832297	244	outside	1	244
2737832298	385	outside	1	385
2737832299	212	outside	1	212
2737832300	374	outside	1	374
2737832301	154	outside	1	154
2737832302	96	outside	1	96
2737832303	177	outside	1	177
2737832304	555	outside	1	555
2737832305	258	outside	1	258
2737832306	35	outside	1	14
2737832306	35	TMhelix	15	34
2737832306	35	inside	35	35
2737832307	141	inside	1	11
2737832307	141	TMhelix	12	31
2737832307	141	outside	32	45
2737832307	141	TMhelix	46	68
2737832307	141	inside	69	88
2737832307	141	TMhelix	89	111
2737832307	141	outside	112	120
2737832307	141	TMhelix	121	138
2737832307	141	inside	139	141
2737832308	184	outside	1	184
2737832309	289	outside	1	289
2737832310	419	outside	1	4
2737832310	419	TMhelix	5	27
2737832310	419	inside	28	39
2737832310	419	TMhelix	40	62
2737832310	419	outside	63	83
2737832310	419	TMhelix	84	106
2737832310	419	inside	107	118
2737832310	419	TMhelix	119	141
2737832310	419	outside	142	160
2737832310	419	TMhelix	161	183
2737832310	419	inside	184	203
2737832310	419	TMhelix	204	226
2737832310	419	outside	227	245
2737832310	419	TMhelix	246	277
2737832310	419	inside	278	288
2737832310	419	TMhelix	289	311
2737832310	419	outside	312	325
2737832310	419	TMhelix	326	348
2737832310	419	inside	349	354
2737832310	419	TMhelix	355	377
2737832310	419	outside	378	391
2737832310	419	TMhelix	392	414
2737832310	419	inside	415	419
2737832311	168	outside	1	19
2737832311	168	TMhelix	20	42
2737832311	168	inside	43	54
2737832311	168	TMhelix	55	72
2737832311	168	outside	73	75
2737832311	168	TMhelix	76	93
2737832311	168	inside	94	113
2737832311	168	TMhelix	114	136
2737832311	168	outside	137	139
2737832311	168	TMhelix	140	162
2737832311	168	inside	163	168
2737832312	279	outside	1	279
2737832313	295	outside	1	295
2737832314	143	outside	1	143
2737832315	130	outside	1	130
2737832316	219	inside	1	8
2737832316	219	TMhelix	9	31
2737832316	219	outside	32	219
2737832317	132	outside	1	132
2737832318	121	outside	1	121
2737832319	421	outside	1	421
2737832320	421	outside	1	421
2737832321	130	inside	1	11
2737832321	130	TMhelix	12	34
2737832321	130	outside	35	79
2737832321	130	TMhelix	80	102
2737832321	130	inside	103	130
2737832322	642	outside	1	642
2737832323	110	outside	1	110
2737832324	135	outside	1	135
2737832325	140	outside	1	140
2737832326	557	outside	1	557
2737832327	125	outside	1	125
2737832328	166	outside	1	166
2737832329	231	outside	1	231
2737832330	143	outside	1	143
2737832331	191	outside	1	191
2737832332	126	inside	1	15
2737832332	126	TMhelix	16	35
2737832332	126	outside	36	39
2737832332	126	TMhelix	40	59
2737832332	126	inside	60	92
2737832332	126	TMhelix	93	110
2737832332	126	outside	111	126
2737832334	32	outside	1	32
2737832335	114	inside	1	11
2737832335	114	TMhelix	12	34
2737832335	114	outside	35	48
2737832335	114	TMhelix	49	71
2737832335	114	inside	72	77
2737832335	114	TMhelix	78	100
2737832335	114	outside	101	114
2737832336	664	outside	1	664
2737832337	358	outside	1	358
2737832338	262	outside	1	262
2737832340	324	outside	1	324
2737832341	209	outside	1	209
2737832342	209	outside	1	209
2737832343	83	outside	1	83
2737832344	166	outside	1	166
2737832345	198	outside	1	198
2737832346	283	outside	1	283
2737832347	93	outside	1	93
2737832348	521	outside	1	22
2737832348	521	TMhelix	23	45
2737832348	521	inside	46	90
2737832348	521	TMhelix	91	113
2737832348	521	outside	114	127
2737832348	521	TMhelix	128	150
2737832348	521	inside	151	156
2737832348	521	TMhelix	157	179
2737832348	521	outside	180	188
2737832348	521	TMhelix	189	207
2737832348	521	inside	208	242
2737832348	521	TMhelix	243	265
2737832348	521	outside	266	284
2737832348	521	TMhelix	285	305
2737832348	521	inside	306	325
2737832348	521	TMhelix	326	348
2737832348	521	outside	349	362
2737832348	521	TMhelix	363	385
2737832348	521	inside	386	396
2737832348	521	TMhelix	397	414
2737832348	521	outside	415	418
2737832348	521	TMhelix	419	441
2737832348	521	inside	442	452
2737832348	521	TMhelix	453	475
2737832348	521	outside	476	489
2737832348	521	TMhelix	490	512
2737832348	521	inside	513	521
2737832349	97	inside	1	97
2737832350	94	outside	1	94
2737832351	327	outside	1	327
2737832352	548	outside	1	548
2737832353	335	outside	1	335
2737832354	32	outside	1	3
2737832354	32	TMhelix	4	23
2737832354	32	inside	24	32
2737832355	27	inside	1	27
2737832356	84	outside	1	84
2737832357	259	outside	1	259
2737832358	376	outside	1	376
2737832359	81	outside	1	81
2737832360	192	outside	1	192
2737832361	114	outside	1	114
2737832362	480	outside	1	480
2737832363	157	outside	1	157
2737832364	158	outside	1	158
2737832365	1000	outside	1	1000
2737832366	239	outside	1	239
2737832367	156	outside	1	9
2737832367	156	TMhelix	10	32
2737832367	156	inside	33	156
2737832368	494	outside	1	494
2737832369	172	outside	1	172
2737832370	325	outside	1	325
2737832371	40	outside	1	40
2737832372	130	outside	1	130
2737832373	118	outside	1	118
2737832374	75	outside	1	3
2737832374	75	TMhelix	4	21
2737832374	75	inside	22	75
2737832375	162	outside	1	162
2737832376	263	inside	1	28
2737832376	263	TMhelix	29	51
2737832376	263	outside	52	70
2737832376	263	TMhelix	71	93
2737832376	263	inside	94	118
2737832376	263	TMhelix	119	141
2737832376	263	outside	142	167
2737832376	263	TMhelix	168	190
2737832376	263	inside	191	202
2737832376	263	TMhelix	203	225
2737832376	263	outside	226	263
2737832377	382	inside	1	4
2737832377	382	TMhelix	5	24
2737832377	382	outside	25	382
2737832378	228	outside	1	228
2737832379	290	outside	1	290
2737832380	283	outside	1	283
2737832381	467	outside	1	467
2737832382	285	outside	1	285
2737832383	216	outside	1	216
2737832384	216	outside	1	216
2737832385	107	outside	1	107
2737832386	108	outside	1	108
2737832387	547	outside	1	547
2737832388	120	outside	1	120
2737832389	289	outside	1	289
2737832390	206	outside	1	206
2737832391	67	outside	1	67
2737832392	754	outside	1	754
2737832393	185	outside	1	185
2737832395	275	inside	1	6
2737832395	275	TMhelix	7	29
2737832395	275	outside	30	275
2737832396	133	outside	1	133
2737832397	411	outside	1	411
2737832398	130	outside	1	130
2737832399	158	outside	1	158
2737832400	552	outside	1	552
2737832401	475	outside	1	475
2737832402	150	outside	1	150
2737832403	93	inside	1	93
2737832404	95	outside	1	95
2737832405	123	outside	1	123
2737832406	717	inside	1	32
2737832406	717	TMhelix	33	51
2737832406	717	outside	52	60
2737832406	717	TMhelix	61	80
2737832406	717	inside	81	100
2737832406	717	TMhelix	101	123
2737832406	717	outside	124	127
2737832406	717	TMhelix	128	150
2737832406	717	inside	151	170
2737832406	717	TMhelix	171	193
2737832406	717	outside	194	202
2737832406	717	TMhelix	203	225
2737832406	717	inside	226	233
2737832406	717	TMhelix	234	253
2737832406	717	outside	254	399
2737832406	717	TMhelix	400	422
2737832406	717	inside	423	433
2737832406	717	TMhelix	434	453
2737832406	717	outside	454	521
2737832406	717	TMhelix	522	544
2737832406	717	inside	545	564
2737832406	717	TMhelix	565	587
2737832406	717	outside	588	596
2737832406	717	TMhelix	597	619
2737832406	717	inside	620	625
2737832406	717	TMhelix	626	648
2737832406	717	outside	649	662
2737832406	717	TMhelix	663	685
2737832406	717	inside	686	717
2737832407	95	inside	1	25
2737832407	95	TMhelix	26	45
2737832407	95	outside	46	59
2737832407	95	TMhelix	60	79
2737832407	95	inside	80	95
2737832408	204	outside	1	204
2737832409	191	outside	1	191
2737832410	179	outside	1	179
2737832411	283	outside	1	283
2737832412	315	outside	1	315
2737832413	339	inside	1	6
2737832413	339	TMhelix	7	29
2737832413	339	outside	30	339
2737832414	140	outside	1	140
2737832415	78	outside	1	78
2737832416	960	outside	1	960
2737832417	61	outside	1	61
2737832418	323	outside	1	323
2737832419	78	outside	1	78
2737832420	354	outside	1	354
2737832421	160	inside	1	6
2737832421	160	TMhelix	7	29
2737832421	160	outside	30	50
2737832421	160	TMhelix	51	73
2737832421	160	inside	74	160
2737832422	256	outside	1	256
2737832423	47	outside	1	47
2737832424	460	outside	1	460
2737832425	218	outside	1	218
2737832426	361	outside	1	361
2737832427	291	outside	1	291
2737832428	258	outside	1	19
2737832428	258	TMhelix	20	42
2737832428	258	inside	43	258
2737832429	115	outside	1	115
2737832430	317	inside	1	12
2737832430	317	TMhelix	13	35
2737832430	317	outside	36	136
2737832430	317	TMhelix	137	154
2737832430	317	inside	155	160
2737832430	317	TMhelix	161	183
2737832430	317	outside	184	186
2737832430	317	TMhelix	187	209
2737832430	317	inside	210	247
2737832430	317	TMhelix	248	265
2737832430	317	outside	266	269
2737832430	317	TMhelix	270	292
2737832430	317	inside	293	317
2737832431	626	inside	1	6
2737832431	626	TMhelix	7	29
2737832431	626	outside	30	450
2737832431	626	TMhelix	451	473
2737832431	626	inside	474	479
2737832431	626	TMhelix	480	502
2737832431	626	outside	503	542
2737832431	626	TMhelix	543	565
2737832431	626	inside	566	571
2737832431	626	TMhelix	572	594
2737832431	626	outside	595	626
2737832432	123	outside	1	30
2737832432	123	TMhelix	31	53
2737832432	123	inside	54	123
2737832433	367	outside	1	367
2737832434	52	inside	1	1
2737832434	52	TMhelix	2	24
2737832434	52	outside	25	52
2737832435	234	outside	1	234
2737832436	169	outside	1	169
2737832437	69	outside	1	69
2737832438	503	inside	1	19
2737832438	503	TMhelix	20	42
2737832438	503	outside	43	46
2737832438	503	TMhelix	47	69
2737832438	503	inside	70	109
2737832438	503	TMhelix	110	132
2737832438	503	outside	133	141
2737832438	503	TMhelix	142	164
2737832438	503	inside	165	168
2737832438	503	TMhelix	169	191
2737832438	503	outside	192	205
2737832438	503	TMhelix	206	224
2737832438	503	inside	225	259
2737832438	503	TMhelix	260	282
2737832438	503	outside	283	318
2737832438	503	TMhelix	319	341
2737832438	503	inside	342	361
2737832438	503	TMhelix	362	384
2737832438	503	outside	385	388
2737832438	503	TMhelix	389	411
2737832438	503	inside	412	423
2737832438	503	TMhelix	424	446
2737832438	503	outside	447	465
2737832438	503	TMhelix	466	488
2737832438	503	inside	489	503
2737832439	162	inside	1	8
2737832439	162	TMhelix	9	26
2737832439	162	outside	27	40
2737832439	162	TMhelix	41	63
2737832439	162	inside	64	74
2737832439	162	TMhelix	75	97
2737832439	162	outside	98	100
2737832439	162	TMhelix	101	118
2737832439	162	inside	119	130
2737832439	162	TMhelix	131	153
2737832439	162	outside	154	162
2737832440	130	inside	1	1
2737832440	130	TMhelix	2	19
2737832440	130	outside	20	23
2737832440	130	TMhelix	24	46
2737832440	130	inside	47	130
2737832441	491	inside	1	4
2737832441	491	TMhelix	5	27
2737832441	491	outside	28	36
2737832441	491	TMhelix	37	56
2737832441	491	inside	57	72
2737832441	491	TMhelix	73	90
2737832441	491	outside	91	99
2737832441	491	TMhelix	100	122
2737832441	491	inside	123	142
2737832441	491	TMhelix	143	165
2737832441	491	outside	166	174
2737832441	491	TMhelix	175	197
2737832441	491	inside	198	213
2737832441	491	TMhelix	214	236
2737832441	491	outside	237	255
2737832441	491	TMhelix	256	278
2737832441	491	inside	279	301
2737832441	491	TMhelix	302	324
2737832441	491	outside	325	338
2737832441	491	TMhelix	339	361
2737832441	491	inside	362	369
2737832441	491	TMhelix	370	392
2737832441	491	outside	393	406
2737832441	491	TMhelix	407	426
2737832441	491	inside	427	432
2737832441	491	TMhelix	433	455
2737832441	491	outside	456	459
2737832441	491	TMhelix	460	482
2737832441	491	inside	483	491
2737832442	277	outside	1	277
2737832443	72	outside	1	72
2737832444	134	outside	1	134
2737832445	387	inside	1	11
2737832445	387	TMhelix	12	34
2737832445	387	outside	35	84
2737832445	387	TMhelix	85	107
2737832445	387	inside	108	140
2737832445	387	TMhelix	141	158
2737832445	387	outside	159	161
2737832445	387	TMhelix	162	184
2737832445	387	inside	185	211
2737832445	387	TMhelix	212	234
2737832445	387	outside	235	243
2737832445	387	TMhelix	244	261
2737832445	387	inside	262	273
2737832445	387	TMhelix	274	296
2737832445	387	outside	297	299
2737832445	387	TMhelix	300	322
2737832445	387	inside	323	334
2737832445	387	TMhelix	335	357
2737832445	387	outside	358	360
2737832445	387	TMhelix	361	383
2737832445	387	inside	384	387
2737832446	366	outside	1	366
2737832447	149	outside	1	149
2737832448	190	inside	1	6
2737832448	190	TMhelix	7	29
2737832448	190	outside	30	43
2737832448	190	TMhelix	44	66
2737832448	190	inside	67	190
2737832449	195	outside	1	195
2737832450	77	inside	1	77
2737832451	56	inside	1	56
2737832452	408	outside	1	28
2737832452	408	TMhelix	29	51
2737832452	408	inside	52	153
2737832452	408	TMhelix	154	176
2737832452	408	outside	177	179
2737832452	408	TMhelix	180	199
2737832452	408	inside	200	408
2737832453	422	outside	1	422
2737832454	272	outside	1	272
2737832455	51	outside	1	51
2737832456	270	outside	1	270
2737832457	258	inside	1	12
2737832457	258	TMhelix	13	31
2737832457	258	outside	32	45
2737832457	258	TMhelix	46	68
2737832457	258	inside	69	154
2737832457	258	TMhelix	155	177
2737832457	258	outside	178	196
2737832457	258	TMhelix	197	216
2737832457	258	inside	217	236
2737832457	258	TMhelix	237	256
2737832457	258	outside	257	258
2737832458	153	inside	1	6
2737832458	153	TMhelix	7	26
2737832458	153	outside	27	153
2737832459	246	outside	1	246
2737832460	206	outside	1	206
2737832461	89	outside	1	89
2737832462	273	outside	1	273
2737832463	380	outside	1	380
2737832464	239	outside	1	239
2737832465	388	inside	1	4
2737832465	388	TMhelix	5	27
2737832465	388	outside	28	36
2737832465	388	TMhelix	37	59
2737832465	388	inside	60	70
2737832465	388	TMhelix	71	90
2737832465	388	outside	91	94
2737832465	388	TMhelix	95	117
2737832465	388	inside	118	129
2737832465	388	TMhelix	130	149
2737832465	388	outside	150	163
2737832465	388	TMhelix	164	186
2737832465	388	inside	187	205
2737832465	388	TMhelix	206	228
2737832465	388	outside	229	242
2737832465	388	TMhelix	243	265
2737832465	388	inside	266	269
2737832465	388	TMhelix	270	292
2737832465	388	outside	293	297
2737832465	388	TMhelix	298	320
2737832465	388	inside	321	332
2737832465	388	TMhelix	333	355
2737832465	388	outside	356	358
2737832465	388	TMhelix	359	381
2737832465	388	inside	382	388
2737832466	282	outside	1	282
2737832467	498	outside	1	498
2737832468	193	outside	1	193
2737832469	393	outside	1	393
2737832470	114	outside	1	114
2737832471	339	outside	1	339
2737832472	1410	outside	1	1410
2737832473	739	outside	1	739
2737832474	26	outside	1	26
2737832475	203	outside	1	203
2737832476	177	inside	1	8
2737832476	177	TMhelix	9	26
2737832476	177	outside	27	177
2737832477	152	outside	1	152
2737832478	449	outside	1	449
2737832479	46	outside	1	46
2737832480	228	outside	1	228
2737832481	343	outside	1	343
2737832482	199	inside	1	11
2737832482	199	TMhelix	12	34
2737832482	199	outside	35	199
2737832483	304	inside	1	26
2737832483	304	TMhelix	27	49
2737832483	304	outside	50	53
2737832483	304	TMhelix	54	76
2737832483	304	inside	77	96
2737832483	304	TMhelix	97	119
2737832483	304	outside	120	123
2737832483	304	TMhelix	124	144
2737832483	304	inside	145	150
2737832483	304	TMhelix	151	170
2737832483	304	outside	171	179
2737832483	304	TMhelix	180	199
2737832483	304	inside	200	219
2737832483	304	TMhelix	220	242
2737832483	304	outside	243	245
2737832483	304	TMhelix	246	268
2737832483	304	inside	269	279
2737832483	304	TMhelix	280	302
2737832483	304	outside	303	304
2737832484	233	inside	1	6
2737832484	233	TMhelix	7	26
2737832484	233	outside	27	29
2737832484	233	TMhelix	30	49
2737832484	233	inside	50	69
2737832484	233	TMhelix	70	92
2737832484	233	outside	93	147
2737832484	233	TMhelix	148	165
2737832484	233	inside	166	169
2737832484	233	TMhelix	170	192
2737832484	233	outside	193	196
2737832484	233	TMhelix	197	219
2737832484	233	inside	220	233
2737832485	250	inside	1	12
2737832485	250	TMhelix	13	35
2737832485	250	outside	36	65
2737832485	250	TMhelix	66	88
2737832485	250	inside	89	100
2737832485	250	TMhelix	101	123
2737832485	250	outside	124	145
2737832485	250	TMhelix	146	168
2737832485	250	inside	169	194
2737832485	250	TMhelix	195	217
2737832485	250	outside	218	226
2737832485	250	TMhelix	227	249
2737832485	250	inside	250	250
2737832486	432	outside	1	432
2737832487	212	inside	1	6
2737832487	212	TMhelix	7	29
2737832487	212	outside	30	212
2737832488	755	inside	1	1
2737832488	755	TMhelix	2	21
2737832488	755	outside	22	40
2737832488	755	TMhelix	41	63
2737832488	755	inside	64	101
2737832488	755	TMhelix	102	124
2737832488	755	outside	125	143
2737832488	755	TMhelix	144	166
2737832488	755	inside	167	755
2737832489	225	outside	1	225
2737832490	630	outside	1	630
2737832491	332	outside	1	332
2737832492	103	outside	1	103
2737832493	219	outside	1	219
2737832494	130	outside	1	130
2737832495	183	inside	1	45
2737832495	183	TMhelix	46	68
2737832495	183	outside	69	183
2737832496	149	outside	1	149
2737832497	217	outside	1	217
2737832498	363	outside	1	363
2737832500	270	inside	1	11
2737832500	270	TMhelix	12	34
2737832500	270	outside	35	48
2737832500	270	TMhelix	49	71
2737832500	270	inside	72	82
2737832500	270	TMhelix	83	105
2737832500	270	outside	106	109
2737832500	270	TMhelix	110	127
2737832500	270	inside	128	147
2737832500	270	TMhelix	148	170
2737832500	270	outside	171	184
2737832500	270	TMhelix	185	207
2737832500	270	inside	208	213
2737832500	270	TMhelix	214	236
2737832500	270	outside	237	250
2737832500	270	TMhelix	251	268
2737832500	270	inside	269	270
2737832501	104	inside	1	104
2737832502	48	outside	1	48
2737832503	268	outside	1	268
2737832504	473	outside	1	473
2737832505	115	outside	1	115
2737832506	267	outside	1	267
2737832507	785	outside	1	785
2737832508	105	inside	1	105
2737832509	37	outside	1	37
2737832510	137	inside	1	11
2737832510	137	TMhelix	12	34
2737832510	137	outside	35	69
2737832510	137	TMhelix	70	92
2737832510	137	inside	93	111
2737832510	137	TMhelix	112	134
2737832510	137	outside	135	137
2737832511	143	outside	1	143
2737832512	60	inside	1	60
2737832513	172	outside	1	172
2737832514	121	inside	1	121
2737832515	177	outside	1	177
2737832516	131	outside	1	131
2737832517	101	outside	1	101
2737832518	179	outside	1	179
2737832519	106	inside	1	106
2737832520	122	outside	1	122
2737832521	274	outside	1	274
2737832522	289	inside	1	20
2737832522	289	TMhelix	21	38
2737832522	289	outside	39	47
2737832522	289	TMhelix	48	70
2737832522	289	inside	71	90
2737832522	289	TMhelix	91	113
2737832522	289	outside	114	116
2737832522	289	TMhelix	117	134
2737832522	289	inside	135	138
2737832522	289	TMhelix	139	161
2737832522	289	outside	162	165
2737832522	289	TMhelix	166	183
2737832522	289	inside	184	206
2737832522	289	TMhelix	207	229
2737832522	289	outside	230	233
2737832522	289	TMhelix	234	256
2737832522	289	inside	257	268
2737832522	289	TMhelix	269	288
2737832522	289	outside	289	289
2737832523	211	outside	1	211
2737832524	796	outside	1	222
2737832524	796	TMhelix	223	245
2737832524	796	inside	246	273
2737832524	796	TMhelix	274	296
2737832524	796	outside	297	310
2737832524	796	TMhelix	311	333
2737832524	796	inside	334	353
2737832524	796	TMhelix	354	376
2737832524	796	outside	377	379
2737832524	796	TMhelix	380	402
2737832524	796	inside	403	432
2737832524	796	TMhelix	433	455
2737832524	796	outside	456	661
2737832524	796	TMhelix	662	684
2737832524	796	inside	685	720
2737832524	796	TMhelix	721	743
2737832524	796	outside	744	755
2737832524	796	TMhelix	756	778
2737832524	796	inside	779	796
2737832525	77	outside	1	77
2737832526	227	outside	1	227
2737832527	165	outside	1	165
2737832528	225	outside	1	225
2737832529	222	outside	1	22
2737832529	222	TMhelix	23	42
2737832529	222	inside	43	54
2737832529	222	TMhelix	55	72
2737832529	222	outside	73	98
2737832529	222	TMhelix	99	121
2737832529	222	inside	122	127
2737832529	222	TMhelix	128	150
2737832529	222	outside	151	159
2737832529	222	TMhelix	160	182
2737832529	222	inside	183	194
2737832529	222	TMhelix	195	217
2737832529	222	outside	218	222
2737832530	244	inside	1	18
2737832530	244	TMhelix	19	41
2737832530	244	outside	42	60
2737832530	244	TMhelix	61	83
2737832530	244	inside	84	87
2737832530	244	TMhelix	88	110
2737832530	244	outside	111	124
2737832530	244	TMhelix	125	147
2737832530	244	inside	148	155
2737832530	244	TMhelix	156	178
2737832530	244	outside	179	197
2737832530	244	TMhelix	198	220
2737832530	244	inside	221	244
2737832531	62	outside	1	14
2737832531	62	TMhelix	15	37
2737832531	62	inside	38	62
2737832532	149	inside	1	6
2737832532	149	TMhelix	7	29
2737832532	149	outside	30	149
2737832533	656	outside	1	4
2737832533	656	TMhelix	5	27
2737832533	656	inside	28	46
2737832533	656	TMhelix	47	69
2737832533	656	outside	70	95
2737832533	656	TMhelix	96	118
2737832533	656	inside	119	124
2737832533	656	TMhelix	125	147
2737832533	656	outside	148	174
2737832533	656	TMhelix	175	197
2737832533	656	inside	198	209
2737832533	656	TMhelix	210	232
2737832533	656	outside	233	246
2737832533	656	TMhelix	247	264
2737832533	656	inside	265	275
2737832533	656	TMhelix	276	298
2737832533	656	outside	299	312
2737832533	656	TMhelix	313	331
2737832533	656	inside	332	351
2737832533	656	TMhelix	352	374
2737832533	656	outside	375	388
2737832533	656	TMhelix	389	411
2737832533	656	inside	412	423
2737832533	656	TMhelix	424	443
2737832533	656	outside	444	448
2737832533	656	TMhelix	449	468
2737832533	656	inside	469	483
2737832533	656	TMhelix	484	506
2737832533	656	outside	507	611
2737832533	656	TMhelix	612	631
2737832533	656	inside	632	656
2737832534	161	outside	1	3
2737832534	161	TMhelix	4	23
2737832534	161	inside	24	161
2737832535	543	outside	1	543
2737832536	268	outside	1	268
2737832537	573	inside	1	16
2737832537	573	TMhelix	17	39
2737832537	573	outside	40	258
2737832537	573	TMhelix	259	281
2737832537	573	inside	282	573
2737832538	177	outside	1	177
2737832539	428	outside	1	51
2737832539	428	TMhelix	52	74
2737832539	428	inside	75	78
2737832539	428	TMhelix	79	101
2737832539	428	outside	102	110
2737832539	428	TMhelix	111	133
2737832539	428	inside	134	139
2737832539	428	TMhelix	140	162
2737832539	428	outside	163	171
2737832539	428	TMhelix	172	189
2737832539	428	inside	190	195
2737832539	428	TMhelix	196	218
2737832539	428	outside	219	237
2737832539	428	TMhelix	238	260
2737832539	428	inside	261	280
2737832539	428	TMhelix	281	303
2737832539	428	outside	304	317
2737832539	428	TMhelix	318	337
2737832539	428	inside	338	349
2737832539	428	TMhelix	350	372
2737832539	428	outside	373	401
2737832539	428	TMhelix	402	424
2737832539	428	inside	425	428
2737832540	301	inside	1	12
2737832540	301	TMhelix	13	32
2737832540	301	outside	33	41
2737832540	301	TMhelix	42	61
2737832540	301	inside	62	73
2737832540	301	TMhelix	74	96
2737832540	301	outside	97	105
2737832540	301	TMhelix	106	123
2737832540	301	inside	124	129
2737832540	301	TMhelix	130	147
2737832540	301	outside	148	161
2737832540	301	TMhelix	162	181
2737832540	301	inside	182	193
2737832540	301	TMhelix	194	216
2737832540	301	outside	217	225
2737832540	301	TMhelix	226	248
2737832540	301	inside	249	252
2737832540	301	TMhelix	253	275
2737832540	301	outside	276	278
2737832540	301	TMhelix	279	298
2737832540	301	inside	299	301
2737832541	185	outside	1	185
2737832542	210	outside	1	210
2737832543	144	inside	1	31
2737832543	144	TMhelix	32	54
2737832543	144	outside	55	63
2737832543	144	TMhelix	64	86
2737832543	144	inside	87	90
2737832543	144	TMhelix	91	108
2737832543	144	outside	109	122
2737832543	144	TMhelix	123	142
2737832543	144	inside	143	144
2737832544	363	outside	1	363
2737832545	694	outside	1	694
2737832546	113	outside	1	30
2737832546	113	TMhelix	31	53
2737832546	113	inside	54	57
2737832546	113	TMhelix	58	80
2737832546	113	outside	81	83
2737832546	113	TMhelix	84	106
2737832546	113	inside	107	113
2737832547	118	outside	1	118
2737832548	312	outside	1	312
2737832549	510	outside	1	510
2737832550	266	outside	1	266
2737832551	257	outside	1	257
2737832552	118	outside	1	118
2737832553	235	outside	1	235
2737832554	308	outside	1	46
2737832554	308	TMhelix	47	69
2737832554	308	inside	70	75
2737832554	308	TMhelix	76	95
2737832554	308	outside	96	148
2737832554	308	TMhelix	149	171
2737832554	308	inside	172	286
2737832554	308	TMhelix	287	306
2737832554	308	outside	307	308
2737832555	306	outside	1	306
2737832556	424	outside	1	4
2737832556	424	TMhelix	5	27
2737832556	424	inside	28	68
2737832556	424	TMhelix	69	91
2737832556	424	outside	92	105
2737832556	424	TMhelix	106	128
2737832556	424	inside	129	153
2737832556	424	TMhelix	154	176
2737832556	424	outside	177	179
2737832556	424	TMhelix	180	202
2737832556	424	inside	203	296
2737832556	424	TMhelix	297	319
2737832556	424	outside	320	333
2737832556	424	TMhelix	334	356
2737832556	424	inside	357	424
2737832557	192	outside	1	192
2737832558	641	outside	1	641
2737832559	125	outside	1	125
2737832560	131	outside	1	131
2737832561	475	outside	1	475
2737832562	415	outside	1	415
2737832563	83	outside	1	83
2737832564	159	outside	1	159
2737832565	25	inside	1	25
2737832566	179	outside	1	179
2737832567	790	outside	1	790
2737832568	60	outside	1	60
2737832569	159	outside	1	159
2737832570	302	inside	1	11
2737832570	302	TMhelix	12	34
2737832570	302	outside	35	48
2737832570	302	TMhelix	49	71
2737832570	302	inside	72	77
2737832570	302	TMhelix	78	100
2737832570	302	outside	101	104
2737832570	302	TMhelix	105	127
2737832570	302	inside	128	133
2737832570	302	TMhelix	134	152
2737832570	302	outside	153	161
2737832570	302	TMhelix	162	184
2737832570	302	inside	185	196
2737832570	302	TMhelix	197	214
2737832570	302	outside	215	223
2737832570	302	TMhelix	224	246
2737832570	302	inside	247	252
2737832570	302	TMhelix	253	275
2737832570	302	outside	276	278
2737832570	302	TMhelix	279	298
2737832570	302	inside	299	302
2737832571	305	outside	1	305
2737832572	386	outside	1	386
2737832573	52	inside	1	52
2737832574	154	outside	1	19
2737832574	154	TMhelix	20	42
2737832574	154	inside	43	48
2737832574	154	TMhelix	49	71
2737832574	154	outside	72	75
2737832574	154	TMhelix	76	93
2737832574	154	inside	94	99
2737832574	154	TMhelix	100	122
2737832574	154	outside	123	154
2737832575	317	outside	1	317
2737832576	295	outside	1	295
2737832577	321	outside	1	321
2737832578	160	outside	1	160
2737832579	62	outside	1	62
2737832580	433	outside	1	433
2737832581	780	outside	1	780
2737832582	118	outside	1	118
2737832583	652	outside	1	652
2737832584	183	inside	1	2
2737832584	183	TMhelix	3	25
2737832584	183	outside	26	68
2737832584	183	TMhelix	69	91
2737832584	183	inside	92	110
2737832584	183	TMhelix	111	133
2737832584	183	outside	134	156
2737832584	183	TMhelix	157	179
2737832584	183	inside	180	183
2737832585	422	outside	1	422
2737832586	244	outside	1	244
2737832587	100	outside	1	100
2737832588	415	outside	1	415
2737832589	502	outside	1	502
2737832590	201	outside	1	201
2737832591	336	outside	1	336
2737832592	274	outside	1	14
2737832592	274	TMhelix	15	37
2737832592	274	inside	38	65
2737832592	274	TMhelix	66	88
2737832592	274	outside	89	274
2737832593	324	outside	1	324
2737832594	358	outside	1	358
2737832595	35	outside	1	35
2737832596	148	outside	1	148
2737832597	353	outside	1	353
2737832598	296	inside	1	20
2737832598	296	TMhelix	21	43
2737832598	296	outside	44	93
2737832598	296	TMhelix	94	116
2737832598	296	inside	117	124
2737832598	296	TMhelix	125	142
2737832598	296	outside	143	146
2737832598	296	TMhelix	147	169
2737832598	296	inside	170	200
2737832598	296	TMhelix	201	223
2737832598	296	outside	224	263
2737832598	296	TMhelix	264	286
2737832598	296	inside	287	296
2737832599	290	inside	1	11
2737832599	290	TMhelix	12	34
2737832599	290	outside	35	69
2737832599	290	TMhelix	70	92
2737832599	290	inside	93	104
2737832599	290	TMhelix	105	125
2737832599	290	outside	126	155
2737832599	290	TMhelix	156	178
2737832599	290	inside	179	198
2737832599	290	TMhelix	199	221
2737832599	290	outside	222	258
2737832599	290	TMhelix	259	281
2737832599	290	inside	282	290
2737832600	432	outside	1	432
2737832601	322	outside	1	322
2737832602	147	outside	1	147
2737832603	43	outside	1	43
2737832604	239	outside	1	239
2737832605	316	outside	1	316
2737832606	591	outside	1	591
2737832607	415	outside	1	415
2737832608	282	outside	1	282
2737832609	431	outside	1	431
2737832610	426	outside	1	426
2737832611	274	outside	1	274
2737832612	458	outside	1	458
2737832613	385	inside	1	16
2737832613	385	TMhelix	17	39
2737832613	385	outside	40	85
2737832613	385	TMhelix	86	108
2737832613	385	inside	109	112
2737832613	385	TMhelix	113	135
2737832613	385	outside	136	230
2737832613	385	TMhelix	231	253
2737832613	385	inside	254	385
2737832614	332	outside	1	332
2737832615	226	inside	1	4
2737832615	226	TMhelix	5	27
2737832615	226	outside	28	226
2737832616	269	outside	1	269
2737832617	161	outside	1	161
2737832618	409	outside	1	409
2737832619	229	outside	1	229
2737832620	338	outside	1	338
2737832621	148	outside	1	148
2737832622	85	outside	1	85
2737832623	136	outside	1	136
2737832624	247	outside	1	247
2737832625	37	inside	1	10
2737832625	37	TMhelix	11	33
2737832625	37	outside	34	37
2737832626	252	outside	1	252
2737832627	508	outside	1	508
2737832628	47	inside	1	20
2737832628	47	TMhelix	21	43
2737832628	47	outside	44	47
2737832629	74	inside	1	20
2737832629	74	TMhelix	21	43
2737832629	74	outside	44	74
2737832630	69	inside	1	12
2737832630	69	TMhelix	13	35
2737832630	69	outside	36	69
2737832631	278	inside	1	29
2737832631	278	TMhelix	30	52
2737832631	278	outside	53	83
2737832631	278	TMhelix	84	101
2737832631	278	inside	102	112
2737832631	278	TMhelix	113	135
2737832631	278	outside	136	172
2737832631	278	TMhelix	173	195
2737832631	278	inside	196	232
2737832631	278	TMhelix	233	255
2737832631	278	outside	256	278
2737832632	325	inside	1	50
2737832632	325	TMhelix	51	73
2737832632	325	outside	74	111
2737832632	325	TMhelix	112	134
2737832632	325	inside	135	145
2737832632	325	TMhelix	146	168
2737832632	325	outside	169	200
2737832632	325	TMhelix	201	223
2737832632	325	inside	224	267
2737832632	325	TMhelix	268	290
2737832632	325	outside	291	325
2737832633	362	outside	1	362
2737832634	162	outside	1	162
2737832635	32	outside	1	32
2737832636	36	outside	1	36
2737832637	424	outside	1	424
2737832638	200	inside	1	6
2737832638	200	TMhelix	7	26
2737832638	200	outside	27	40
2737832638	200	TMhelix	41	63
2737832638	200	inside	64	74
2737832638	200	TMhelix	75	92
2737832638	200	outside	93	111
2737832638	200	TMhelix	112	134
2737832638	200	inside	135	145
2737832638	200	TMhelix	146	163
2737832638	200	outside	164	172
2737832638	200	TMhelix	173	190
2737832638	200	inside	191	200
2737832639	326	outside	1	326
2737832640	194	outside	1	194
2737832641	317	outside	1	317
2737832642	335	outside	1	335
2737832643	278	inside	1	84
2737832643	278	TMhelix	85	107
2737832643	278	outside	108	278
2737832644	293	outside	1	293
2737832645	267	outside	1	267
2737832646	174	outside	1	174
2737832647	242	outside	1	242
2737832648	130	outside	1	130
2737832649	328	outside	1	328
2737832650	369	outside	1	369
2737832651	370	outside	1	370
2737832652	141	outside	1	141
2737832653	307	outside	1	307
2737832654	98	outside	1	3
2737832654	98	TMhelix	4	21
2737832654	98	inside	22	98
2737832655	300	inside	1	24
2737832655	300	TMhelix	25	47
2737832655	300	outside	48	300
2737832656	523	outside	1	523
2737832657	301	outside	1	301
2737832658	364	outside	1	3
2737832658	364	TMhelix	4	25
2737832658	364	inside	26	31
2737832658	364	TMhelix	32	49
2737832658	364	outside	50	331
2737832658	364	TMhelix	332	354
2737832658	364	inside	355	364
2737832659	354	outside	1	354
2737832660	46	outside	1	21
2737832660	46	TMhelix	22	44
2737832660	46	inside	45	46
2737832661	618	outside	1	618
2737832662	139	inside	1	32
2737832662	139	TMhelix	33	52
2737832662	139	outside	53	61
2737832662	139	TMhelix	62	84
2737832662	139	inside	85	139
2737832663	153	outside	1	153
2737832664	156	outside	1	156
2737832665	700	outside	1	700
2737832666	63	inside	1	63
2737832667	303	outside	1	4
2737832667	303	TMhelix	5	22
2737832667	303	inside	23	55
2737832667	303	TMhelix	56	78
2737832667	303	outside	79	100
2737832667	303	TMhelix	101	123
2737832667	303	inside	124	135
2737832667	303	TMhelix	136	158
2737832667	303	outside	159	167
2737832667	303	TMhelix	168	190
2737832667	303	inside	191	232
2737832667	303	TMhelix	233	255
2737832667	303	outside	256	274
2737832667	303	TMhelix	275	297
2737832667	303	inside	298	303
2737832668	81	outside	1	81
2737832669	109	outside	1	109
2737832671	395	outside	1	395
2737832672	70	outside	1	70
2737832673	306	outside	1	306
2737832674	292	outside	1	292
2737832675	360	outside	1	360
2737832676	29	outside	1	29
2737832677	493	outside	1	493
2737832678	391	outside	1	391
2737832679	489	outside	1	489
2737832680	37	outside	1	3
2737832680	37	TMhelix	4	23
2737832680	37	inside	24	37
2737832681	657	inside	1	19
2737832681	657	TMhelix	20	39
2737832681	657	outside	40	657
2737832682	269	outside	1	19
2737832682	269	TMhelix	20	42
2737832682	269	inside	43	83
2737832682	269	TMhelix	84	106
2737832682	269	outside	107	115
2737832682	269	TMhelix	116	135
2737832682	269	inside	136	155
2737832682	269	TMhelix	156	178
2737832682	269	outside	179	213
2737832682	269	TMhelix	214	236
2737832682	269	inside	237	242
2737832682	269	TMhelix	243	265
2737832682	269	outside	266	269
2737832683	554	outside	1	554
2737832684	584	outside	1	584
2737832685	304	outside	1	9
2737832685	304	TMhelix	10	32
2737832685	304	inside	33	38
2737832685	304	TMhelix	39	61
2737832685	304	outside	62	65
2737832685	304	TMhelix	66	88
2737832685	304	inside	89	94
2737832685	304	TMhelix	95	117
2737832685	304	outside	118	131
2737832685	304	TMhelix	132	154
2737832685	304	inside	155	166
2737832685	304	TMhelix	167	186
2737832685	304	outside	187	195
2737832685	304	TMhelix	196	218
2737832685	304	inside	219	230
2737832685	304	TMhelix	231	253
2737832685	304	outside	254	258
2737832685	304	TMhelix	259	281
2737832685	304	inside	282	304
2737832686	87	inside	1	12
2737832686	87	TMhelix	13	35
2737832686	87	outside	36	39
2737832686	87	TMhelix	40	57
2737832686	87	inside	58	63
2737832686	87	TMhelix	64	86
2737832686	87	outside	87	87
2737832687	162	outside	1	162
2737832688	359	outside	1	359
2737832689	200	inside	1	20
2737832689	200	TMhelix	21	38
2737832689	200	outside	39	52
2737832689	200	TMhelix	53	75
2737832689	200	inside	76	94
2737832689	200	TMhelix	95	117
2737832689	200	outside	118	131
2737832689	200	TMhelix	132	151
2737832689	200	inside	152	200
2737832690	591	inside	1	4
2737832690	591	TMhelix	5	27
2737832690	591	outside	28	30
2737832690	591	TMhelix	31	53
2737832690	591	inside	54	59
2737832690	591	TMhelix	60	82
2737832690	591	outside	83	107
2737832690	591	TMhelix	108	130
2737832690	591	inside	131	150
2737832690	591	TMhelix	151	173
2737832690	591	outside	174	182
2737832690	591	TMhelix	183	205
2737832690	591	inside	206	234
2737832690	591	TMhelix	235	257
2737832690	591	outside	258	271
2737832690	591	TMhelix	272	294
2737832690	591	inside	295	306
2737832690	591	TMhelix	307	329
2737832690	591	outside	330	333
2737832690	591	TMhelix	334	353
2737832690	591	inside	354	365
2737832690	591	TMhelix	366	388
2737832690	591	outside	389	407
2737832690	591	TMhelix	408	440
2737832690	591	inside	441	446
2737832690	591	TMhelix	447	469
2737832690	591	outside	470	502
2737832690	591	TMhelix	503	525
2737832690	591	inside	526	591
2737832691	149	outside	1	149
2737832692	179	outside	1	179
2737832693	382	outside	1	382
2737832694	58	outside	1	58
2737832695	291	outside	1	112
2737832695	291	TMhelix	113	135
2737832695	291	inside	136	291
2737832696	392	outside	1	392
2737832697	81	outside	1	81
2737832698	445	outside	1	445
2737832699	378	outside	1	378
2737832700	219	outside	1	19
2737832700	219	TMhelix	20	42
2737832700	219	inside	43	219
2737832701	432	outside	1	432
2737832702	349	outside	1	349
2737832703	263	outside	1	263
2737832704	180	inside	1	1
2737832704	180	TMhelix	2	19
2737832704	180	outside	20	180
2737832705	657	outside	1	657
2737832706	455	outside	1	455
2737832707	252	outside	1	252
2737832708	164	inside	1	6
2737832708	164	TMhelix	7	24
2737832708	164	outside	25	164
2737832709	166	outside	1	166
2737832710	384	outside	1	384
2737832711	76	outside	1	76
2737832712	52	outside	1	52
2737832713	403	outside	1	403
2737832714	418	outside	1	57
2737832714	418	TMhelix	58	80
2737832714	418	inside	81	84
2737832714	418	TMhelix	85	107
2737832714	418	outside	108	110
2737832714	418	TMhelix	111	130
2737832714	418	inside	131	146
2737832714	418	TMhelix	147	164
2737832714	418	outside	165	168
2737832714	418	TMhelix	169	191
2737832714	418	inside	192	222
2737832714	418	TMhelix	223	245
2737832714	418	outside	246	254
2737832714	418	TMhelix	255	277
2737832714	418	inside	278	288
2737832714	418	TMhelix	289	311
2737832714	418	outside	312	314
2737832714	418	TMhelix	315	337
2737832714	418	inside	338	369
2737832714	418	TMhelix	370	392
2737832714	418	outside	393	418
2737832715	294	inside	1	6
2737832715	294	TMhelix	7	29
2737832715	294	outside	30	38
2737832715	294	TMhelix	39	57
2737832715	294	inside	58	69
2737832715	294	TMhelix	70	92
2737832715	294	outside	93	95
2737832715	294	TMhelix	96	118
2737832715	294	inside	119	124
2737832715	294	TMhelix	125	142
2737832715	294	outside	143	146
2737832715	294	TMhelix	147	169
2737832715	294	inside	170	180
2737832715	294	TMhelix	181	203
2737832715	294	outside	204	206
2737832715	294	TMhelix	207	229
2737832715	294	inside	230	235
2737832715	294	TMhelix	236	255
2737832715	294	outside	256	264
2737832715	294	TMhelix	265	284
2737832715	294	inside	285	294
2737832716	113	inside	1	113
2737832717	308	outside	1	308
2737832718	57	outside	1	57
2737832719	304	outside	1	304
2737832720	433	outside	1	433
2737832721	40	outside	1	40
2737832722	387	outside	1	387
2737832723	117	outside	1	117
2737832724	125	outside	1	125
2737832725	450	outside	1	450
2737832726	148	outside	1	148
2737832727	913	outside	1	913
2737832728	38	outside	1	38
2737832729	125	inside	1	21
2737832729	125	TMhelix	22	44
2737832729	125	outside	45	53
2737832729	125	TMhelix	54	76
2737832729	125	inside	77	88
2737832729	125	TMhelix	89	111
2737832729	125	outside	112	125
2737832730	208	outside	1	208
2737832734	631	outside	1	631
2737832735	179	outside	1	179
2737832736	226	outside	1	226
2737832737	131	outside	1	131
2737832738	324	outside	1	324
2737832739	199	inside	1	43
2737832739	199	TMhelix	44	66
2737832739	199	outside	67	87
2737832739	199	TMhelix	88	105
2737832739	199	inside	106	124
2737832739	199	TMhelix	125	147
2737832739	199	outside	148	174
2737832739	199	TMhelix	175	197
2737832739	199	inside	198	199
2737832740	158	outside	1	158
2737832741	259	outside	1	259
2737832742	543	inside	1	12
2737832742	543	TMhelix	13	35
2737832742	543	outside	36	543
2737832743	139	outside	1	139
2737832744	96	outside	1	96
2737832745	371	outside	1	371
2737832746	190	outside	1	190
2737832747	450	outside	1	450
2737832748	55	outside	1	55
2737832749	285	outside	1	285
2737832750	280	outside	1	280
2737832751	405	outside	1	405
2737832752	411	outside	1	411
2737832753	89	inside	1	89
2737832754	74	outside	1	35
2737832754	74	TMhelix	36	58
2737832754	74	inside	59	74
2737832755	107	outside	1	107
2737832756	332	outside	1	332
2737832757	554	outside	1	554
2737832758	158	outside	1	158
2737832759	181	outside	1	181
2737832760	25	outside	1	25
2737832761	39	outside	1	39
2737832762	549	outside	1	549
2737832763	417	outside	1	417
2737832764	125	outside	1	4
2737832764	125	TMhelix	5	24
2737832764	125	inside	25	30
2737832764	125	TMhelix	31	53
2737832764	125	outside	54	62
2737832764	125	TMhelix	63	82
2737832764	125	inside	83	94
2737832764	125	TMhelix	95	117
2737832764	125	outside	118	125
2737832765	304	outside	1	304
2737832766	381	outside	1	4
2737832766	381	TMhelix	5	22
2737832766	381	inside	23	381
2737832767	91	inside	1	6
2737832767	91	TMhelix	7	29
2737832767	91	outside	30	38
2737832767	91	TMhelix	39	61
2737832767	91	inside	62	91
2737832768	113	outside	1	113
2737832769	249	outside	1	249
2737832770	30	outside	1	30
2737832771	127	outside	1	127
2737832772	1117	outside	1	1117
2737832773	286	inside	1	6
2737832773	286	TMhelix	7	29
2737832773	286	outside	30	286
2737832774	258	outside	1	258
2737832775	275	outside	1	275
2737832776	298	outside	1	298
2737832777	324	outside	1	324
2737832778	63	outside	1	19
2737832778	63	TMhelix	20	42
2737832778	63	inside	43	63
2737832779	117	outside	1	117
2737832780	455	outside	1	455
2737832781	264	outside	1	264
2737832782	325	inside	1	30
2737832782	325	TMhelix	31	53
2737832782	325	outside	54	325
2737832783	108	outside	1	108
2737832784	488	outside	1	488
2737832785	123	outside	1	123
2737832786	321	outside	1	321
2737832787	308	outside	1	308
2737832788	50	inside	1	50
2737832789	394	outside	1	394
2737832790	290	inside	1	11
2737832790	290	TMhelix	12	34
2737832790	290	outside	35	290
2737832791	238	outside	1	238
2737832792	204	outside	1	204
2737832793	162	outside	1	162
2737832794	231	outside	1	231
2737832795	382	outside	1	382
2737832796	292	outside	1	292
2737832797	89	outside	1	89
2737832798	141	outside	1	141
2737832799	380	outside	1	380
2737832800	251	outside	1	251
2737832801	192	outside	1	192
2737832802	85	inside	1	85
2737832803	214	outside	1	214
2737832804	467	outside	1	467
2737832805	186	outside	1	186
2737832806	142	outside	1	142
2737832807	178	outside	1	178
2737832808	292	inside	1	19
2737832808	292	TMhelix	20	38
2737832808	292	outside	39	292
2737832809	258	inside	1	6
2737832809	258	TMhelix	7	29
2737832809	258	outside	30	258
2737832810	190	outside	1	190
2737832811	57	inside	1	4
2737832811	57	TMhelix	5	27
2737832811	57	outside	28	30
2737832811	57	TMhelix	31	53
2737832811	57	inside	54	57
2737832812	307	outside	1	307
2737832813	92	outside	1	92
2737832814	556	inside	1	6
2737832814	556	TMhelix	7	29
2737832814	556	outside	30	556
2737832815	207	outside	1	207
2737832816	284	outside	1	284
2737832817	142	inside	1	6
2737832817	142	TMhelix	7	29
2737832817	142	outside	30	43
2737832817	142	TMhelix	44	62
2737832817	142	inside	63	74
2737832817	142	TMhelix	75	97
2737832817	142	outside	98	111
2737832817	142	TMhelix	112	134
2737832817	142	inside	135	142
2737832818	158	outside	1	158
2737832819	886	outside	1	886
2737832820	138	outside	1	138
2737832821	222	outside	1	222
2737832822	520	outside	1	520
2737832823	170	outside	1	170
2737832824	80	outside	1	80
2737832825	88	outside	1	88
2737832826	210	outside	1	210
2737832827	129	outside	1	129
2737832828	71	outside	1	71
2737832829	175	outside	1	175
2737832830	384	outside	1	384
2737832831	303	outside	1	303
2737832832	177	outside	1	177
2737832833	280	inside	1	12
2737832833	280	TMhelix	13	35
2737832833	280	outside	36	77
2737832833	280	TMhelix	78	100
2737832833	280	inside	101	108
2737832833	280	TMhelix	109	131
2737832833	280	outside	132	145
2737832833	280	TMhelix	146	165
2737832833	280	inside	166	185
2737832833	280	TMhelix	186	208
2737832833	280	outside	209	242
2737832833	280	TMhelix	243	265
2737832833	280	inside	266	280
2737832834	224	outside	1	3
2737832834	224	TMhelix	4	26
2737832834	224	inside	27	37
2737832834	224	TMhelix	38	60
2737832834	224	outside	61	87
2737832834	224	TMhelix	88	110
2737832834	224	inside	111	135
2737832834	224	TMhelix	136	158
2737832834	224	outside	159	193
2737832834	224	TMhelix	194	216
2737832834	224	inside	217	224
2737832835	770	outside	1	770
2737832836	180	outside	1	180
2737832837	258	outside	1	258
2737832838	446	outside	1	446
2737832839	530	outside	1	530
2737832840	54	outside	1	54
2737832841	336	outside	1	336
2737832842	268	outside	1	268
2737832843	269	outside	1	269
2737832844	228	outside	1	9
2737832844	228	TMhelix	10	32
2737832844	228	inside	33	52
2737832844	228	TMhelix	53	75
2737832844	228	outside	76	89
2737832844	228	TMhelix	90	107
2737832844	228	inside	108	157
2737832844	228	TMhelix	158	180
2737832844	228	outside	181	189
2737832844	228	TMhelix	190	212
2737832844	228	inside	213	228
2737832845	237	inside	1	22
2737832845	237	TMhelix	23	45
2737832845	237	outside	46	59
2737832845	237	TMhelix	60	79
2737832845	237	inside	80	99
2737832845	237	TMhelix	100	122
2737832845	237	outside	123	201
2737832845	237	TMhelix	202	221
2737832845	237	inside	222	237
2737832846	380	outside	1	380
2737832847	262	outside	1	262
2737832848	155	outside	1	155
2737832849	200	inside	1	12
2737832849	200	TMhelix	13	35
2737832849	200	outside	36	200
2737832850	68	outside	1	43
2737832850	68	TMhelix	44	66
2737832850	68	inside	67	68
2737832851	293	inside	1	19
2737832851	293	TMhelix	20	39
2737832851	293	outside	40	42
2737832851	293	TMhelix	43	65
2737832851	293	inside	66	85
2737832851	293	TMhelix	86	108
2737832851	293	outside	109	154
2737832851	293	TMhelix	155	177
2737832851	293	inside	178	189
2737832851	293	TMhelix	190	212
2737832851	293	outside	213	231
2737832851	293	TMhelix	232	254
2737832851	293	inside	255	273
2737832851	293	TMhelix	274	292
2737832851	293	outside	293	293
2737832852	78	inside	1	1
2737832852	78	TMhelix	2	24
2737832852	78	outside	25	47
2737832852	78	TMhelix	48	70
2737832852	78	inside	71	78
2737832853	243	inside	1	6
2737832853	243	TMhelix	7	29
2737832853	243	outside	30	210
2737832853	243	TMhelix	211	233
2737832853	243	inside	234	243
2737832854	233	inside	1	35
2737832854	233	TMhelix	36	58
2737832854	233	outside	59	233
2737832855	124	outside	1	10
2737832855	124	TMhelix	11	33
2737832855	124	inside	34	45
2737832855	124	TMhelix	46	68
2737832855	124	outside	69	124
2737832856	207	outside	1	207
2737832857	209	outside	1	209
2737832858	192	inside	1	16
2737832858	192	TMhelix	17	39
2737832858	192	outside	40	192
2737832859	568	outside	1	568
2737832860	453	outside	1	453
2737832861	374	outside	1	374
2737832862	179	outside	1	179
2737832863	406	outside	1	406
2737832864	487	inside	1	10
2737832864	487	TMhelix	11	33
2737832864	487	outside	34	37
2737832864	487	TMhelix	38	60
2737832864	487	inside	61	72
2737832864	487	TMhelix	73	95
2737832864	487	outside	96	134
2737832864	487	TMhelix	135	157
2737832864	487	inside	158	183
2737832864	487	TMhelix	184	206
2737832864	487	outside	207	236
2737832864	487	TMhelix	237	259
2737832864	487	inside	260	278
2737832864	487	TMhelix	279	301
2737832864	487	outside	302	336
2737832864	487	TMhelix	337	359
2737832864	487	inside	360	388
2737832864	487	TMhelix	389	411
2737832864	487	outside	412	458
2737832864	487	TMhelix	459	481
2737832864	487	inside	482	487
2737832865	91	outside	1	91
2737832866	221	outside	1	221
2737832867	82	outside	1	82
2737832868	168	outside	1	168
2737832869	71	inside	1	71
2737832870	218	outside	1	4
2737832870	218	TMhelix	5	24
2737832870	218	inside	25	218
2737832871	179	outside	1	179
2737832872	236	outside	1	236
2737832873	271	outside	1	271
2737832874	425	outside	1	425
2737832875	113	outside	1	113
2737832876	461	outside	1	461
2737832877	279	outside	1	279
2737832878	307	outside	1	307
2737832879	179	outside	1	179
2737832880	240	outside	1	240
2737832881	330	outside	1	330
2737832882	366	outside	1	366
2737832883	278	outside	1	278
2737832884	107	inside	1	107
2737832885	583	outside	1	583
2737832886	207	outside	1	207
2737832887	307	outside	1	307
2737832888	98	outside	1	98
2737832889	252	outside	1	252
2737832890	287	outside	1	287
2737832891	341	outside	1	341
2737832892	579	outside	1	139
2737832892	579	TMhelix	140	162
2737832892	579	inside	163	166
2737832892	579	TMhelix	167	189
2737832892	579	outside	190	203
2737832892	579	TMhelix	204	223
2737832892	579	inside	224	234
2737832892	579	TMhelix	235	254
2737832892	579	outside	255	257
2737832892	579	TMhelix	258	276
2737832892	579	inside	277	288
2737832892	579	TMhelix	289	311
2737832892	579	outside	312	320
2737832892	579	TMhelix	321	340
2737832892	579	inside	341	579
2737832893	235	outside	1	235
2737832894	251	outside	1	251
2737832895	112	outside	1	112
2737832896	95	outside	1	95
2737832897	284	inside	1	6
2737832897	284	TMhelix	7	24
2737832897	284	outside	25	284
2737832898	361	outside	1	361
2737832899	432	outside	1	432
2737832900	88	outside	1	88
2737832901	396	outside	1	396
2737832902	53	outside	1	53
2737832903	357	outside	1	357
2737832904	85	outside	1	85
2737832905	103	outside	1	103
2737832906	326	outside	1	326
2737832907	568	outside	1	568
2737832908	149	outside	1	149
2737832909	124	outside	1	124
2737832910	103	inside	1	103
2737832911	221	outside	1	221
2737832912	206	outside	1	206
2737832913	104	outside	1	104
2737832914	274	outside	1	274
2737832915	91	outside	1	91
2737832916	109	outside	1	109
2737832917	290	outside	1	290
2737832918	138	outside	1	138
2737832919	66	inside	1	66
2737832920	89	inside	1	89
2737832921	169	outside	1	169
2737832922	162	outside	1	162
2737832923	37	inside	1	16
2737832923	37	TMhelix	17	36
2737832923	37	outside	37	37
2737832924	119	outside	1	119
2737832925	401	outside	1	401
2737832926	254	outside	1	254
2737832927	202	outside	1	202
2737832928	142	outside	1	142
2737832929	604	inside	1	35
2737832929	604	TMhelix	36	58
2737832929	604	outside	59	72
2737832929	604	TMhelix	73	90
2737832929	604	inside	91	149
2737832929	604	TMhelix	150	172
2737832929	604	outside	173	181
2737832929	604	TMhelix	182	204
2737832929	604	inside	205	264
2737832929	604	TMhelix	265	287
2737832929	604	outside	288	301
2737832929	604	TMhelix	302	321
2737832929	604	inside	322	604
2737832930	306	outside	1	306
2737832931	347	outside	1	347
2737832932	259	outside	1	259
2737832933	69	inside	1	4
2737832933	69	TMhelix	5	27
2737832933	69	outside	28	36
2737832933	69	TMhelix	37	59
2737832933	69	inside	60	69
2737832934	239	outside	1	239
2737832935	147	outside	1	147
2737832936	662	inside	1	130
2737832936	662	TMhelix	131	153
2737832936	662	outside	154	167
2737832936	662	TMhelix	168	187
2737832936	662	inside	188	193
2737832936	662	TMhelix	194	216
2737832936	662	outside	217	230
2737832936	662	TMhelix	231	249
2737832936	662	inside	250	383
2737832936	662	TMhelix	384	406
2737832936	662	outside	407	410
2737832936	662	TMhelix	411	430
2737832936	662	inside	431	662
2737832937	47	outside	1	47
2737832938	193	outside	1	193
2737832939	325	outside	1	325
2737832940	163	outside	1	163
2737832941	70	outside	1	70
2737832942	172	outside	1	19
2737832942	172	TMhelix	20	39
2737832942	172	inside	40	59
2737832942	172	TMhelix	60	82
2737832942	172	outside	83	115
2737832942	172	TMhelix	116	134
2737832942	172	inside	135	146
2737832942	172	TMhelix	147	166
2737832942	172	outside	167	172
2737832943	199	outside	1	199
2737832944	323	outside	1	323
2737832945	234	outside	1	19
2737832945	234	TMhelix	20	42
2737832945	234	inside	43	50
2737832945	234	TMhelix	51	73
2737832945	234	outside	74	76
2737832945	234	TMhelix	77	99
2737832945	234	inside	100	135
2737832945	234	TMhelix	136	158
2737832945	234	outside	159	161
2737832945	234	TMhelix	162	181
2737832945	234	inside	182	201
2737832945	234	TMhelix	202	224
2737832945	234	outside	225	234
2737832946	107	outside	1	9
2737832946	107	TMhelix	10	32
2737832946	107	inside	33	43
2737832946	107	TMhelix	44	66
2737832946	107	outside	67	80
2737832946	107	TMhelix	81	103
2737832946	107	inside	104	107
2737832947	288	outside	1	288
2737832948	63	inside	1	63
2737832952	242	outside	1	242
2737832953	266	outside	1	266
2737832954	348	outside	1	348
2737832955	189	outside	1	189
2737832956	503	outside	1	503
2737832957	55	outside	1	25
2737832957	55	TMhelix	26	48
2737832957	55	inside	49	55
2737832958	362	inside	1	8
2737832958	362	TMhelix	9	31
2737832958	362	outside	32	34
2737832958	362	TMhelix	35	57
2737832958	362	inside	58	63
2737832958	362	TMhelix	64	83
2737832958	362	outside	84	97
2737832958	362	TMhelix	98	120
2737832958	362	inside	121	132
2737832958	362	TMhelix	133	150
2737832958	362	outside	151	190
2737832958	362	TMhelix	191	213
2737832958	362	inside	214	241
2737832958	362	TMhelix	242	264
2737832958	362	outside	265	278
2737832958	362	TMhelix	279	301
2737832958	362	inside	302	328
2737832958	362	TMhelix	329	346
2737832958	362	outside	347	362
2737832959	256	outside	1	256
2737832960	238	outside	1	238
2737832961	375	outside	1	375
2737832962	383	outside	1	383
2737832963	215	outside	1	215
2737832964	238	outside	1	238
2737832965	118	outside	1	118
2737832966	264	outside	1	264
2737832968	586	outside	1	586
2737832969	110	outside	1	110
2737832970	202	outside	1	202
2737832971	480	outside	1	480
2737832972	879	outside	1	879
2737832973	781	inside	1	20
2737832973	781	TMhelix	21	43
2737832973	781	outside	44	781
2737832974	251	outside	1	251
2737832975	255	outside	1	29
2737832975	255	TMhelix	30	47
2737832975	255	inside	48	51
2737832975	255	TMhelix	52	74
2737832975	255	outside	75	101
2737832975	255	TMhelix	102	124
2737832975	255	inside	125	149
2737832975	255	TMhelix	150	172
2737832975	255	outside	173	204
2737832975	255	TMhelix	205	227
2737832975	255	inside	228	255
2737832976	73	outside	1	14
2737832976	73	TMhelix	15	37
2737832976	73	inside	38	48
2737832976	73	TMhelix	49	71
2737832976	73	outside	72	73
2737832977	201	outside	1	201
2737832978	499	outside	1	499
2737832979	184	outside	1	184
2737832980	449	outside	1	449
2737832981	1392	outside	1	1392
2737832982	164	outside	1	164
2737832983	700	outside	1	700
2737832984	272	outside	1	272
2737832985	251	outside	1	251
2737832986	278	outside	1	278
2737832987	397	inside	1	8
2737832987	397	TMhelix	9	31
2737832987	397	outside	32	45
2737832987	397	TMhelix	46	68
2737832987	397	inside	69	99
2737832987	397	TMhelix	100	122
2737832987	397	outside	123	136
2737832987	397	TMhelix	137	159
2737832987	397	inside	160	163
2737832987	397	TMhelix	164	181
2737832987	397	outside	182	209
2737832987	397	TMhelix	210	229
2737832987	397	inside	230	248
2737832987	397	TMhelix	249	271
2737832987	397	outside	272	285
2737832987	397	TMhelix	286	319
2737832987	397	inside	320	339
2737832987	397	TMhelix	340	362
2737832987	397	outside	363	366
2737832987	397	TMhelix	367	389
2737832987	397	inside	390	397
2737832988	339	outside	1	339
2737832989	237	outside	1	4
2737832989	237	TMhelix	5	27
2737832989	237	inside	28	46
2737832989	237	TMhelix	47	69
2737832989	237	outside	70	83
2737832989	237	TMhelix	84	106
2737832989	237	inside	107	137
2737832989	237	TMhelix	138	160
2737832989	237	outside	161	174
2737832989	237	TMhelix	175	197
2737832989	237	inside	198	208
2737832989	237	TMhelix	209	231
2737832989	237	outside	232	237
2737832990	169	outside	1	169
2737832991	216	outside	1	4
2737832991	216	TMhelix	5	24
2737832991	216	inside	25	30
2737832991	216	TMhelix	31	49
2737832991	216	outside	50	52
2737832991	216	TMhelix	53	75
2737832991	216	inside	76	91
2737832991	216	TMhelix	92	114
2737832991	216	outside	115	147
2737832991	216	TMhelix	148	170
2737832991	216	inside	171	216
2737832992	105	outside	1	5
2737832992	105	TMhelix	6	28
2737832992	105	inside	29	34
2737832992	105	TMhelix	35	57
2737832992	105	outside	58	66
2737832992	105	TMhelix	67	89
2737832992	105	inside	90	105
2737832993	467	outside	1	14
2737832993	467	TMhelix	15	37
2737832993	467	inside	38	43
2737832993	467	TMhelix	44	66
2737832993	467	outside	67	85
2737832993	467	TMhelix	86	108
2737832993	467	inside	109	120
2737832993	467	TMhelix	121	140
2737832993	467	outside	141	144
2737832993	467	TMhelix	145	167
2737832993	467	inside	168	187
2737832993	467	TMhelix	188	210
2737832993	467	outside	211	219
2737832993	467	TMhelix	220	242
2737832993	467	inside	243	262
2737832993	467	TMhelix	263	282
2737832993	467	outside	283	291
2737832993	467	TMhelix	292	314
2737832993	467	inside	315	320
2737832993	467	TMhelix	321	343
2737832993	467	outside	344	347
2737832993	467	TMhelix	348	370
2737832993	467	inside	371	389
2737832993	467	TMhelix	390	409
2737832993	467	outside	410	428
2737832993	467	TMhelix	429	451
2737832993	467	inside	452	467
2737832994	227	outside	1	227
2737832995	328	outside	1	328
2737832996	267	outside	1	267
2737832997	143	inside	1	30
2737832997	143	TMhelix	31	53
2737832997	143	outside	54	75
2737832997	143	TMhelix	76	98
2737832997	143	inside	99	118
2737832997	143	TMhelix	119	141
2737832997	143	outside	142	143
2737832998	121	inside	1	20
2737832998	121	TMhelix	21	43
2737832998	121	outside	44	57
2737832998	121	TMhelix	58	80
2737832998	121	inside	81	92
2737832998	121	TMhelix	93	115
2737832998	121	outside	116	121
2737832999	292	outside	1	292
2737833000	250	outside	1	250
2737833001	408	outside	1	408
2737833002	236	outside	1	236
2737833003	141	outside	1	141
2737833004	272	outside	1	272
2737833005	129	inside	1	6
2737833005	129	TMhelix	7	29
2737833005	129	outside	30	73
2737833005	129	TMhelix	74	96
2737833005	129	inside	97	108
2737833005	129	TMhelix	109	128
2737833005	129	outside	129	129
2737833006	116	outside	1	60
2737833006	116	TMhelix	61	78
2737833006	116	inside	79	89
2737833006	116	TMhelix	90	112
2737833006	116	outside	113	116
2737833007	114	outside	1	114
2737833008	224	outside	1	224
2737833009	503	outside	1	40
2737833009	503	TMhelix	41	63
2737833009	503	inside	64	192
2737833009	503	TMhelix	193	215
2737833009	503	outside	216	503
2737833010	396	outside	1	396
2737833011	159	outside	1	159
2737833012	207	outside	1	207
2737833013	328	outside	1	328
2737833014	227	outside	1	227
2737833015	326	inside	1	4
2737833015	326	TMhelix	5	27
2737833015	326	outside	28	31
2737833015	326	TMhelix	32	49
2737833015	326	inside	50	101
2737833015	326	TMhelix	102	124
2737833015	326	outside	125	326
2737833016	602	outside	1	602
2737833017	498	outside	1	498
2737833018	333	outside	1	333
2737833019	167	outside	1	167
2737833020	213	outside	1	213
2737833021	150	inside	1	19
2737833021	150	TMhelix	20	42
2737833021	150	outside	43	46
2737833021	150	TMhelix	47	66
2737833021	150	inside	67	150
2737833022	414	outside	1	414
2737833023	79	inside	1	79
2737833024	250	outside	1	250
2737833025	317	outside	1	317
2737833026	325	outside	1	325
2737833027	340	outside	1	340
2737833028	46	inside	1	11
2737833028	46	TMhelix	12	34
2737833028	46	outside	35	46
2737833029	296	inside	1	12
2737833029	296	TMhelix	13	35
2737833029	296	outside	36	88
2737833029	296	TMhelix	89	111
2737833029	296	inside	112	117
2737833029	296	TMhelix	118	140
2737833029	296	outside	141	170
2737833029	296	TMhelix	171	193
2737833029	296	inside	194	213
2737833029	296	TMhelix	214	236
2737833029	296	outside	237	269
2737833029	296	TMhelix	270	292
2737833029	296	inside	293	296
2737833030	366	outside	1	366
2737833031	380	outside	1	380
2737833032	456	outside	1	456
2737833033	216	outside	1	216
2737833034	56	outside	1	3
2737833034	56	TMhelix	4	21
2737833034	56	inside	22	56
2737833035	584	inside	1	20
2737833035	584	TMhelix	21	43
2737833035	584	outside	44	62
2737833035	584	TMhelix	63	85
2737833035	584	inside	86	134
2737833035	584	TMhelix	135	157
2737833035	584	outside	158	161
2737833035	584	TMhelix	162	181
2737833035	584	inside	182	245
2737833035	584	TMhelix	246	268
2737833035	584	outside	269	282
2737833035	584	TMhelix	283	305
2737833035	584	inside	306	584
2737833036	97	outside	1	97
