gene_oid	gene_length	query_start	query_end	subj_start	subj_end	evalue	bit_score	pfam_id	pfam_name	pfam_length
2737832233	62	1	62	21	66	4.4e-06	26.6	pfam00825	Ribonuclease_P	109
2737832234	44	1	44	1	44	8.0e-24	83.2	pfam00468	Ribosomal_L34	44
2737832235	468	15	79	3	63	1.6e-18	66.1	pfam11638	DnaA_N	64
2737832235	468	133	351	1	218	2.1e-81	272.8	pfam00308	Bac_DnaA	219
2737832235	468	377	445	1	69	8.6e-31	105.7	pfam08299	Bac_DnaA_C	69
2737832236	368	2	121	4	120	7.0e-27	93.8	pfam00712	DNA_pol3_beta	121
2737832236	368	131	245	2	116	5.0e-32	110.4	pfam02767	DNA_pol3_beta_2	116
2737832236	368	247	367	2	121	9.6e-33	112.5	pfam02768	DNA_pol3_beta_3	121
2737832237	249	64	224	2	110	3.6e-19	69.3	pfam02518	HATPase_c	111
2737832239	370	6	348	3	353	1.5e-53	181.7	pfam03739	YjgP_YjgQ	354
2737832240	373	6	372	1	349	4.1e-72	242.8	pfam03739	YjgP_YjgQ	354
2737832241	314	3	64	4	59	1.1e-12	47.6	pfam00126	HTH_1	60
2737832241	314	88	297	3	208	3.8e-41	140.6	pfam03466	LysR_substrate	209
2737832242	363	28	361	4	339	1.5e-53	182.2	pfam00155	Aminotran_1_2	363
2737832244	443	14	265	6	253	5.7e-60	203.1	pfam00463	ICL	526
2737832244	443	262	442	352	526	3.5e-52	177.5	pfam00463	ICL	526
2737832245	743	7	741	1	733	0.0e+00	1236.8	pfam03971	IDH	734
2737832246	635	2	84	1	60	4.1e-11	42.6	pfam02824	TGS	60
2737832246	635	169	218	1	44	6.8e-14	51.6	pfam07973	tRNA_SAD	44
2737832246	635	312	528	5	179	1.9e-42	145.2	pfam00587	tRNA-synt_2b	179
2737832246	635	540	630	1	92	5.2e-20	71.3	pfam03129	HGTP_anticodon	94
2737832247	180	1	65	7	70	1.4e-23	82.8	pfam05198	IF3_N	70
2737832247	180	72	157	1	85	1.3e-36	124.3	pfam00707	IF3_C	86
2737832249	125	1	88	67	145	4.2e-12	46.1	pfam01343	Peptidase_S49	154
2737832250	294	6	276	6	242	1.9e-25	89.8	pfam00483	NTP_transferase	248
2737832251	263	29	241	50	203	8.3e-08	32.3	pfam00590	TP_methylase	212
2737832252	198	9	193	2	165	1.1e-42	145.6	pfam02545	Maf	166
2737832253	186	75	183	2	121	7.3e-15	55	pfam02620	DUF177	121
2737832254	60	2	56	1	55	1.1e-19	70.3	pfam01783	Ribosomal_L32p	56
2737832256	321	86	250	4	166	1.3e-16	61.3	pfam04055	Radical_SAM	167
2737832257	213	31	167	23	94	1.2e-06	28.4	pfam03099	BPL_LplA_LipB	131
2737832258	95	11	95	2	84	3.3e-26	91.6	pfam04359	DUF493	84
2737832259	176	56	158	3	100	2.9e-11	43.5	pfam03899	ATP-synt_I	100
2737832260	289	40	283	2	210	2.8e-53	180.9	pfam00119	ATP-synt_A	211
2737832261	81	10	73	1	59	3.0e-12	46.6	pfam00137	ATP-synt_C	60
2737832262	156	6	137	1	131	2.5e-26	92.2	pfam00430	ATP-synt_B	132
2737832263	176	7	174	1	172	9.3e-47	159.2	pfam00213	OSCP	172
2737832264	518	24	97	2	69	7.8e-14	51.8	pfam02874	ATP-synt_ab_N	69
2737832264	518	154	380	1	213	8.5e-74	247.7	pfam00006	ATP-synt_ab	213
2737832264	518	387	512	1	126	1.4e-42	144.9	pfam00306	ATP-synt_ab_C	126
2737832265	179	3	179	3	173	5.4e-47	160.7	pfam00231	ATP-synt	279
2737832267	801	80	255	2	178	2.7e-62	209.2	pfam00912	Transgly	178
2737832267	801	340	444	1	112	3.1e-18	66.4	pfam17092	PCB_OB	112
2737832267	801	446	726	2	305	2.1e-34	119	pfam00905	Transpeptidase	306
2737832268	59	1	57	50	105	4.8e-11	42.6	pfam01491	Frataxin_Cyay	108
2737832269	874	16	461	12	312	1.6e-46	159.1	pfam00580	UvrD-helicase	315
2737832269	874	699	869	271	347	2.5e-11	43.5	pfam13361	UvrD_C	349
2737832270	205	2	197	88	255	1.2e-15	58	pfam12705	PDDEXK_1	255
2737832271	72	8	63	3	54	2.9e-10	39.8	pfam04879	Molybdop_Fe4S4	55
2737832272	228	15	61	1	45	8.1e-10	38.2	pfam00440	TetR_N	47
2737832272	228	64	210	1	144	3.9e-42	143.2	pfam13972	TetR	144
2737832273	177	15	147	7	124	1.7e-39	134.5	pfam05597	Phasin	126
2737832274	299	32	275	1	240	2.5e-43	148.3	pfam00696	AA_kinase	241
2737832275	213	33	79	1	47	3.6e-11	42.6	pfam00440	TetR_N	47
2737832276	76	29	73	1	43	6.1e-08	32.2	pfam00440	TetR_N	47
2737832277	324	1	279	97	367	2.3e-94	316.3	pfam11940	DUF3458	367
2737832278	335	5	195	2	189	8.5e-65	217.7	pfam00316	FBPase	189
2737832280	109	12	108	2	97	9.0e-22	77.1	pfam04519	Bactofilin	98
2737832281	158	1	152	1	76	4.5e-11	43.5	pfam00149	Metallophos	204
2737832282	471	7	106	1	87	6.5e-26	90.3	pfam01225	Mur_ligase	88
2737832282	471	110	293	1	192	7.3e-26	91.2	pfam08245	Mur_ligase_M	192
2737832282	471	313	405	1	87	4.8e-18	65.1	pfam02875	Mur_ligase_C	91
2737832283	358	6	144	2	138	6.7e-37	126.5	pfam03033	Glyco_transf_28	139
2737832283	358	182	347	2	157	1.8e-37	128.8	pfam04101	Glyco_tran_28_C	167
2737832284	417	45	410	4	358	3.7e-102	341.9	pfam01098	FTSW_RODA_SPOVE	359
2737832285	582	128	329	1	123	1.8e-21	76.9	pfam08245	Mur_ligase_M	192
2737832285	582	426	508	2	81	2.0e-08	34.2	pfam02875	Mur_ligase_C	91
2737832286	206	1	125	57	159	4.6e-28	98	pfam00953	Glycos_transf_4	160
2737832287	266	7	266	1	267	5.6e-84	282.6	pfam00330	Aconitase	462
2737832288	432	50	419	3	362	1.2e-125	419.3	pfam00285	Citrate_synt	362
2737832289	96	15	89	2	63	2.1e-21	75.5	pfam03937	Sdh5	73
2737832290	234	5	109	1	108	4.6e-31	106.9	pfam13085	Fer2_3	109
2737832290	234	144	217	1	61	1.7e-09	37.9	pfam13534	Fer4_17	61
2737832291	261	1	68	349	417	7.1e-18	64.8	pfam00890	FAD_binding_2	417
2737832291	261	123	261	3	127	2.1e-37	127.8	pfam02910	Succ_DH_flav_C	128
2737832293	215	4	166	2	163	5.5e-18	65.6	pfam13521	AAA_28	163
2737832294	94	13	92	1	77	1.8e-16	59.6	pfam04977	DivIC	80
2737832295	427	4	134	1	130	7.2e-59	197.5	pfam03952	Enolase_N	131
2737832295	427	139	426	3	293	0.0e+00	441.6	pfam00113	Enolase_C	296
2737832296	95	2	95	1	94	2.3e-34	117.5	pfam07045	DUF1330	94
2737832297	244	2	235	52	273	3.8e-53	180	pfam00793	DAHP_synth_1	275
2737832298	385	2	103	8	100	5.4e-16	58.2	pfam00383	dCMP_cyt_deam_1	101
2737832298	385	154	371	1	197	1.2e-38	132.8	pfam01872	RibD_C	200
2737832299	212	3	91	1	86	4.9e-13	48.7	pfam00677	Lum_binding	87
2737832299	212	104	192	1	87	2.1e-23	82	pfam00677	Lum_binding	87
2737832300	374	14	205	1	192	7.3e-78	260.4	pfam00926	DHBP_synthase	192
2737832300	374	214	371	3	162	7.6e-34	116.5	pfam00925	GTP_cyclohydro2	163
2737832301	154	16	151	2	139	1.5e-47	160.9	pfam00885	DMRL_synthase	141
2737832302	96	20	96	2	84	3.5e-09	36.8	pfam01029	NusB	134
2737832303	177	1	165	298	462	3.7e-60	203.6	pfam00171	Aldedh	462
2737832304	555	6	301	1	295	9.1e-94	314	pfam00732	GMC_oxred_N	296
2737832304	555	391	527	1	144	6.1e-43	146.6	pfam05199	GMC_oxred_C	144
2737832305	258	100	257	13	161	1.8e-19	70.4	pfam02668	TauD	269
2737832307	141	31	140	17	104	1.9e-10	40.7	pfam04143	Sulf_transp	310
2737832308	184	3	60	1	58	1.6e-16	59.9	pfam08207	EFP_N	58
2737832308	184	68	120	1	54	1.3e-17	63.4	pfam01132	EFP	54
2737832308	184	128	183	1	56	3.6e-23	80.9	pfam09285	Elong-fact-P_C	56
2737832309	289	151	281	1	132	2.7e-32	111.5	pfam03641	Lysine_decarbox	132
2737832310	419	5	417	2	417	0.0e+00	587.9	pfam07399	Na_H_antiport_3	419
2737832311	168	2	168	13	176	4.4e-18	65.2	pfam07690	MFS_1	353
2737832312	279	5	277	12	286	7.4e-80	268.2	pfam02219	MTHFR	287
2737832313	295	33	293	1	240	4.0e-67	225.8	pfam04378	RsmJ	245
2737832314	143	15	139	1	125	3.0e-53	179.2	pfam00572	Ribosomal_L13	125
2737832315	130	10	130	1	120	6.0e-44	149.3	pfam00380	Ribosomal_S9	120
2737832317	132	12	113	1	96	5.8e-25	87.3	pfam04519	Bactofilin	98
2737832318	121	14	117	3	110	1.0e-19	70.6	pfam01521	Fe-S_biosyn	111
2737832319	421	281	376	2	96	2.0e-33	114.3	pfam01551	Peptidase_M23	96
2737832320	421	54	341	5	289	1.1e-72	244.7	pfam00579	tRNA-synt_1b	293
2737832320	421	361	406	6	46	8.2e-08	31.7	pfam01479	S4	48
2737832321	130	13	130	1	117	1.3e-23	83.6	pfam01545	Cation_efflux	199
2737832322	642	1	465	50	513	0.0e+00	726.2	pfam01642	MM_CoA_mutase	513
2737832322	642	513	627	2	113	4.5e-17	62.1	pfam02310	B12-binding	121
2737832324	135	4	126	2	118	2.8e-05	24.5	pfam01850	PIN	122
2737832325	140	25	140	1	112	1.1e-46	158.9	pfam03308	ArgK	267
2737832326	557	26	508	1	203	3.1e-34	118.1	pfam04563	RNA_pol_Rpb2_1	203
2737832326	557	158	244	1	71	7.7e-08	32.1	pfam04561	RNA_pol_Rpb2_2	190
2737832326	557	324	462	98	190	5.4e-15	55.4	pfam04561	RNA_pol_Rpb2_2	190
2737832326	557	521	557	1	36	2.3e-09	37.1	pfam04565	RNA_pol_Rpb2_3	68
2737832327	125	4	55	2	46	1.4e-17	63	pfam16320	Ribosomal_L12_N	48
2737832327	125	59	125	1	67	9.9e-29	99.4	pfam00542	Ribosomal_L12	67
2737832328	166	3	100	2	100	1.4e-21	76.4	pfam00466	Ribosomal_L10	100
2737832329	231	30	220	2	205	3.3e-49	167.3	pfam00687	Ribosomal_L1	205
2737832330	143	9	67	1	58	5.0e-28	96.5	pfam03946	Ribosomal_L11_N	58
2737832330	143	72	140	1	70	8.4e-25	87	pfam00298	Ribosomal_L11	70
2737832331	191	17	122	1	94	4.3e-27	94.3	pfam02357	NusG	95
2737832331	191	140	175	2	30	1.5e-05	24.7	pfam00467	KOW	32
2737832332	126	68	125	2	51	8.9e-17	60.6	pfam00584	SecE	54
2737832334	32	1	31	75	110	1.5e-09	38	pfam03143	GTP_EFTU_D3	111
2737832336	664	40	189	7	109	5.9e-15	55.7	pfam02518	HATPase_c	111
2737832336	664	234	409	1	172	1.4e-33	115.7	pfam00204	DNA_gyraseB	175
2737832336	664	434	549	1	102	2.4e-12	46.9	pfam01751	Toprim	103
2737832336	664	589	654	2	63	3.8e-21	74.9	pfam00986	DNA_gyraseB_C	63
2737832337	358	39	358	1	255	8.1e-98	328	pfam00521	DNA_topoisoIV	427
2737832338	262	53	111	1	64	8.4e-09	35.4	pfam00288	GHMP_kinases_N	66
2737832340	324	8	125	2	116	7.8e-48	161.1	pfam13793	Pribosyltran_N	116
2737832340	324	200	318	75	184	9.3e-30	103.9	pfam14572	Pribosyl_synth	185
2737832341	209	4	90	4	81	1.0e-22	80.3	pfam01386	Ribosomal_L25p	81
2737832341	209	98	186	2	85	3.6e-27	94.4	pfam14693	Ribosomal_TL5_C	86
2737832342	209	4	187	1	156	1.2e-53	181.4	pfam01195	Pept_tRNA_hydro	160
2737832343	83	3	25	5	23	1.2e-05	24.7	pfam00037	Fer4	24
2737832344	166	13	144	2	142	9.4e-18	64.6	pfam01467	CTP_transf_like	143
2737832345	198	16	192	1	180	6.5e-46	156.1	pfam03602	Cons_hypoth95	182
2737832346	283	37	216	2	181	9.4e-24	84.3	pfam05193	Peptidase_M16_C	183
2737832347	93	44	93	1	50	5.3e-10	38.9	pfam13369	Transglut_core2	155
2737832348	521	28	485	1	443	2.0e-130	435.3	pfam03023	MVIN	452
2737832349	97	10	92	4	82	2.0e-23	82.7	pfam01649	Ribosomal_S20p	82
2737832350	94	5	94	3	87	1.5e-37	127.8	pfam12112	DUF3579	90
2737832351	327	9	322	7	330	2.3e-97	326.1	pfam00202	Aminotran_3	406
2737832352	548	1	204	128	334	1.0e-80	271.1	pfam00456	Transketolase_N	334
2737832352	548	223	406	2	176	8.8e-47	158.9	pfam02779	Transket_pyr	178
2737832352	548	426	537	7	124	4.2e-13	49.1	pfam02780	Transketolase_C	124
2737832353	335	3	105	2	100	3.2e-37	126.8	pfam00044	Gp_dh_N	101
2737832353	335	157	314	1	158	1.1e-63	213.4	pfam02800	Gp_dh_C	158
2737832356	84	5	84	3	83	1.3e-26	92.5	pfam00887	ACBP	85
2737832357	259	3	208	1	207	3.8e-52	177	pfam03309	Pan_kinase	208
2737832358	376	12	85	7	75	8.0e-08	32.4	pfam00753	Lactamase_B	197
2737832358	376	91	178	121	197	2.7e-06	27.4	pfam00753	Lactamase_B	197
2737832358	376	256	352	2	102	3.1e-05	24.3	pfam00581	Rhodanese	107
2737832359	81	9	77	2	51	6.8e-18	64.7	pfam02583	Trns_repr_metal	77
2737832362	480	36	203	1	175	4.8e-46	156.6	pfam00270	DEAD	176
2737832362	480	236	345	6	111	9.8e-23	80.5	pfam00271	Helicase_C	111
2737832362	480	402	473	1	71	4.1e-21	74.6	pfam03880	DbpA	72
2737832363	157	6	89	1	85	1.8e-17	63.2	pfam01985	CRS1_YhbY	85
2737832364	158	4	74	1	71	1.0e-31	108.7	pfam03449	GreA_GreB_N	71
2737832364	158	81	157	3	77	1.0e-27	95.7	pfam01272	GreA_GreB	77
2737832365	1000	42	249	1	210	6.2e-71	238.1	pfam02786	CPSase_L_D2	211
2737832365	1000	335	456	2	123	6.7e-41	139.3	pfam02787	CPSase_L_D3	123
2737832365	1000	586	794	1	209	1.7e-36	125.6	pfam02786	CPSase_L_D2	211
2737832365	1000	881	968	2	95	1.2e-19	70.2	pfam02142	MGS	95
2737832366	239	45	229	7	180	1.2e-34	119.4	pfam00211	Guanylate_cyc	183
2737832367	156	3	29	4	27	3.4e-10	38.9	pfam07963	N_methyl	27
2737832367	156	37	148	2	109	2.3e-07	31.5	pfam00114	Pilin	109
2737832368	494	268	397	1	131	9.3e-29	100.4	pfam00004	AAA	132
2737832369	172	18	153	1	129	4.9e-56	188.2	pfam01967	MoaC	129
2737832370	325	89	273	23	195	3.8e-26	91.9	pfam01435	Peptidase_M48	196
2737832372	130	8	109	15	82	2.3e-12	47.1	pfam01503	PRA-PH	83
2737832373	118	13	113	3	95	4.4e-24	84.9	pfam01230	HIT	98
2737832374	75	4	74	2	46	8.2e-13	47.3	pfam02416	MttA_Hcf106	53
2737832375	162	4	101	1	42	3.4e-08	32.5	pfam02416	MttA_Hcf106	53
2737832376	263	20	232	1	205	1.1e-53	182	pfam00902	TatC	205
2737832377	382	106	240	1	150	3.9e-34	118.6	pfam13365	Trypsin_2	150
2737832377	382	279	369	1	80	1.3e-13	50.9	pfam13180	PDZ_2	82
2737832378	228	11	228	2	226	7.2e-53	179.6	pfam01784	NIF3	245
2737832379	290	8	254	1	103	2.2e-20	72.5	pfam00389	2-Hacid_dh	134
2737832379	290	112	290	1	177	2.0e-55	186.8	pfam02826	2-Hacid_dh_C	178
2737832380	283	6	185	1	179	2.0e-64	216.7	pfam02737	3HCDH_N	180
2737832380	283	187	283	1	97	9.8e-35	118.9	pfam00725	3HCDH	97
2737832381	467	6	329	1	292	2.9e-67	226.8	pfam07992	Pyr_redox_2	292
2737832381	467	353	462	1	109	1.9e-34	118.1	pfam02852	Pyr_redox_dim	110
2737832382	285	65	281	1	199	3.4e-58	196.3	pfam02666	PS_Dcarbxylase	200
2737832383	216	64	216	2	165	5.1e-21	75.1	pfam00155	Aminotran_1_2	363
2737832384	216	71	215	1	138	2.5e-37	128.4	pfam01738	DLH	217
2737832385	107	17	99	2	88	1.5e-07	31.3	pfam05973	Gp49	90
2737832387	547	1	137	51	175	4.9e-23	81.6	pfam01612	DNA_pol_A_exo1	175
2737832387	547	168	545	4	375	0.0e+00	503.9	pfam00476	DNA_pol_A	376
2737832388	120	14	120	2	103	8.6e-16	58.5	pfam01138	RNase_PH	132
2737832389	289	3	149	1	150	1.8e-33	116	pfam03755	YicC_N	151
2737832389	289	205	289	2	85	3.3e-34	116.6	pfam08340	DUF1732	85
2737832390	206	4	185	3	181	3.6e-48	163.5	pfam00625	Guanylate_kin	182
2737832391	67	8	59	1	48	2.8e-13	49.4	pfam01192	RNA_pol_Rpb6	49
2737832392	754	52	202	1	155	9.8e-48	161.7	pfam13328	HD_4	156
2737832392	754	261	372	1	115	9.6e-32	109.6	pfam04607	RelA_SpoT	117
2737832392	754	414	473	1	60	4.2e-18	65	pfam02824	TGS	60
2737832392	754	669	748	3	80	2.6e-14	53.4	pfam13291	ACT_4	80
2737832393	185	29	99	1	71	1.2e-23	82.9	pfam03449	GreA_GreB_N	71
2737832393	185	105	181	4	77	3.1e-23	81.3	pfam01272	GreA_GreB	77
2737832395	275	153	234	18	96	2.2e-12	47.6	pfam00639	Rotamase	96
2737832397	411	33	395	29	363	1.8e-46	158.9	pfam00155	Aminotran_1_2	363
2737832398	130	13	122	1	109	5.0e-27	94	pfam04430	DUF498	109
2737832399	158	5	134	1	123	5.1e-32	110.3	pfam00578	AhpC-TSA	124
2737832400	552	95	241	1	131	1.5e-38	132	pfam13638	PIN_4	131
2737832400	552	337	551	2	193	1.5e-53	181.2	pfam02562	PhoH	205
2737832401	475	32	134	2	103	1.9e-33	114.5	pfam00772	DnaB	103
2737832401	475	211	468	1	255	1.5e-112	375	pfam03796	DnaB_C	256
2737832402	150	1	47	1	47	6.4e-20	70.3	pfam01281	Ribosomal_L9_N	47
2737832402	150	63	147	1	85	1.1e-24	86.6	pfam03948	Ribosomal_L9_C	86
2737832403	93	34	85	2	52	5.6e-22	77.6	pfam01084	Ribosomal_S18	52
2737832405	123	3	91	1	89	7.8e-26	90	pfam01250	Ribosomal_S6	90
2737832406	717	88	275	1	160	1.4e-32	113	pfam00474	SSF	406
2737832406	717	505	634	289	406	8.2e-18	64.3	pfam00474	SSF	406
2737832407	95	16	91	3	78	8.6e-26	90	pfam13937	DUF4212	79
2737832408	204	99	155	10	59	2.9e-08	34.1	pfam13432	TPR_16	68
2737832409	191	12	73	1	55	2.1e-08	34.4	pfam00571	CBS	57
2737832409	191	82	134	3	52	7.8e-09	35.7	pfam00571	CBS	57
2737832410	179	1	154	62	210	4.3e-36	124.6	pfam07859	Abhydrolase_3	211
2737832411	283	1	257	1	240	8.8e-47	160.1	pfam05742	TANGO2	253
2737832412	315	12	147	47	147	4.1e-10	39.3	pfam01571	GCV_T	257
2737832413	339	48	334	1	250	7.1e-76	255	pfam02618	YceG	251
2737832414	140	8	140	1	128	2.1e-36	125.2	pfam02223	Thymidylate_kin	185
2737832415	78	12	78	1	60	3.5e-14	52.9	pfam02634	FdhD-NarQ	237
2737832416	960	19	97	2	82	2.8e-22	78.4	pfam13510	Fer2_4	82
2737832416	960	103	142	1	40	8.1e-17	60.4	pfam10588	NADH-G_4Fe-4S_3	40
2737832416	960	209	231	5	21	1.8e-05	24.2	pfam00037	Fer4	24
2737832416	960	242	296	6	53	3.2e-15	55.7	pfam04879	Molybdop_Fe4S4	55
2737832416	960	299	731	1	431	9.8e-72	242.1	pfam00384	Molybdopterin	432
2737832416	960	815	920	1	110	7.5e-28	96.7	pfam01568	Molydop_binding	111
2737832417	61	1	53	33	83	2.6e-11	43.3	pfam10589	NADH_4Fe-4S	85
2737832418	323	12	127	1	94	2.0e-31	107.9	pfam02142	MGS	95
2737832418	323	132	323	1	169	5.0e-64	216.4	pfam01808	AICARFT_IMPCHas	295
2737832419	78	33	74	3	41	1.2e-11	44.1	pfam02954	HTH_8	42
2737832420	354	13	330	2	296	2.4e-93	312.5	pfam01207	Dus	310
2737832421	160	33	151	8	115	2.0e-11	44.2	pfam09335	SNARE_assoc	120
2737832422	256	10	56	2	48	2.0e-05	24.1	pfam01479	S4	48
2737832423	47	3	46	1	40	9.2e-10	38.7	pfam02254	TrkA_N	116
2737832424	460	122	456	2	344	9.2e-94	314.1	pfam00120	Gln-synt_C	345
2737832425	218	38	189	1	155	2.0e-50	171	pfam00484	Pro_CA	156
2737832426	361	45	300	7	197	1.5e-20	73.9	pfam00753	Lactamase_B	197
2737832427	291	73	286	1	206	2.8e-53	180.9	pfam01863	DUF45	207
2737832428	258	68	198	6	133	5.4e-20	71.3	pfam01553	Acyltransferase	134
2737832429	115	14	85	2	72	4.8e-06	26.4	pfam13242	Hydrolase_like	75
2737832430	317	32	59	1	28	2.7e-09	36.1	pfam07549	Sec_GG	28
2737832430	317	106	293	6	187	5.2e-63	211.7	pfam02355	SecD_SecF	189
2737832431	626	1	108	1	103	1.0e-35	122.1	pfam13721	SecD-TM1	103
2737832431	626	119	146	2	28	1.9e-06	27	pfam07549	Sec_GG	28
2737832431	626	421	601	13	186	5.0e-22	78.1	pfam02355	SecD_SecF	189
2737832432	123	36	113	2	79	8.7e-30	102.3	pfam02699	YajC	80
2737832433	367	53	265	1	225	5.4e-47	160.3	pfam03562	MltA	225
2737832433	367	290	365	1	74	1.5e-16	60.2	pfam06725	3D	75
2737832435	234	33	150	1	112	2.3e-20	72.7	pfam00072	Response_reg	112
2737832435	234	174	230	2	56	7.8e-19	66.9	pfam00196	GerE	57
2737832436	169	1	126	101	222	7.7e-33	114.1	pfam01063	Aminotran_4	223
2737832437	69	17	57	4	37	4.4e-07	29.7	pfam10276	zf-CHCC	37
2737832438	503	20	441	1	409	0.0e+00	496	pfam01970	TctA	409
2737832439	162	9	154	3	135	2.2e-18	66.7	pfam07331	TctB	135
2737832441	491	1	314	22	273	7.9e-09	34.8	pfam07690	MFS_1	353
2737832442	277	76	263	5	194	1.7e-33	115.9	pfam01435	Peptidase_M48	196
2737832445	387	15	368	11	383	8.4e-53	179.5	pfam12832	MFS_1_like	385
2737832446	366	10	344	1	327	3.3e-128	426.9	pfam01264	Chorismate_synt	327
2737832447	149	3	61	10	56	2.5e-06	27.7	pfam00571	CBS	57
2737832447	149	71	126	1	56	3.7e-08	33.6	pfam00571	CBS	57
2737832448	190	1	68	189	254	4.1e-16	59.3	pfam03631	Virul_fac_BrkB	258
2737832449	195	2	179	122	291	3.0e-25	89	pfam07992	Pyr_redox_2	292
2737832450	77	3	62	1	60	2.0e-28	98.2	pfam00830	Ribosomal_L28	60
2737832451	56	8	54	1	47	1.9e-17	63.3	pfam00471	Ribosomal_L33	47
2737832452	408	27	238	2	226	3.9e-13	49.7	pfam00487	FA_desaturase	254
2737832452	408	263	407	78	191	7.1e-08	32.3	pfam01610	DDE_Tnp_ISL3	240
2737832453	422	118	209	1	89	7.0e-08	32.7	pfam17125	Methyltr_RsmF_N	90
2737832453	422	212	419	2	198	9.5e-49	165.6	pfam01189	Methyltr_RsmB-F	200
2737832454	272	9	272	2	190	9.1e-52	175.3	pfam00009	GTP_EFTU	194
2737832456	270	24	173	2	137	2.2e-27	96.1	pfam00005	ABC_tran	137
2737832457	258	42	254	3	211	1.0e-71	240.8	pfam02405	MlaE	212
2737832458	153	38	116	2	81	1.1e-21	76.8	pfam02470	MlaD	81
2737832459	246	31	225	2	194	3.5e-75	251.9	pfam04333	MlaA	195
2737832460	206	33	196	2	164	3.8e-56	189.3	pfam05494	MlaC	166
2737832461	89	5	84	1	79	2.8e-15	56.3	pfam13466	STAS_2	80
2737832463	380	53	294	2	229	6.4e-27	94.9	pfam01636	APH	240
2737832464	239	16	238	3	224	1.0e-59	201.5	pfam04452	Methyltrans_RNA	226
2737832465	388	5	257	4	242	1.3e-10	40.6	pfam07690	MFS_1	353
2737832465	388	241	388	41	172	9.8e-11	41	pfam07690	MFS_1	353
2737832466	282	30	265	3	238	5.1e-70	235.3	pfam12146	Hydrolase_4	239
2737832467	498	115	496	1	206	5.4e-24	84.9	pfam01546	Peptidase_M20	207
2737832467	498	226	397	2	106	1.6e-12	47.1	pfam07687	M20_dimer	109
2737832468	193	4	191	5	192	1.1e-65	220.7	pfam07021	MetW	193
2737832469	393	46	373	1	255	2.4e-34	119	pfam00561	Abhydrolase_1	256
2737832470	114	5	75	1	69	3.1e-23	81.3	pfam00076	RRM_1	70
2737832471	339	158	246	5	90	4.2e-07	30.2	pfam17125	Methyltr_RsmF_N	90
2737832471	339	253	339	8	90	1.7e-19	70.1	pfam01189	Methyltr_RsmB-F	200
2737832472	1410	14	340	3	312	1.7e-82	277.1	pfam04997	RNA_pol_Rpb1_1	312
2737832472	1410	342	405	1	52	4.6e-08	33.3	pfam00623	RNA_pol_Rpb1_2	166
2737832472	1410	384	484	72	165	2.6e-27	95.9	pfam00623	RNA_pol_Rpb1_2	166
2737832472	1410	487	643	1	158	2.5e-22	79.4	pfam04983	RNA_pol_Rpb1_3	158
2737832472	1410	672	763	2	107	5.4e-19	68	pfam05000	RNA_pol_Rpb1_4	108
2737832472	1410	765	1315	1	266	7.9e-75	251.6	pfam04998	RNA_pol_Rpb1_5	267
2737832473	739	94	661	2	390	0.0e+00	522.1	pfam00562	RNA_pol_Rpb2_6	390
2737832473	739	663	739	1	85	6.2e-27	93.7	pfam04560	RNA_pol_Rpb2_7	87
2737832476	177	36	174	24	141	2.3e-18	66.2	pfam08534	Redoxin	148
2737832477	152	77	151	2	73	1.2e-25	89	pfam00364	Biotin_lipoyl	73
2737832478	449	1	110	1	110	5.5e-46	155.5	pfam00289	Biotin_carb_N	110
2737832478	449	115	324	1	209	2.9e-77	258.8	pfam02786	CPSase_L_D2	211
2737832478	449	336	442	1	108	1.7e-39	134.1	pfam02785	Biotin_carb_C	108
2737832480	228	14	222	96	221	5.0e-06	26	pfam01370	Epimerase	241
2737832481	343	5	82	1	77	8.1e-15	54.4	pfam00111	Fer2	78
2737832481	343	104	201	4	99	5.0e-14	52.3	pfam00970	FAD_binding_6	99
2737832481	343	212	318	1	107	1.9e-16	60.5	pfam00175	NAD_binding_1	109
2737832482	199	10	184	32	168	3.1e-38	131.2	pfam02630	SCO1-SenC	174
2737832483	304	31	290	2	248	2.6e-62	210.2	pfam01040	UbiA	252
2737832484	233	2	215	111	322	1.8e-40	138.9	pfam02628	COX15-CtaA	324
2737832485	250	7	250	2	231	8.5e-44	149.6	pfam02653	BPD_transp_2	268
2737832486	432	47	161	2	127	2.2e-12	47.4	pfam00004	AAA	132
2737832486	432	178	255	6	73	9.6e-22	76.9	pfam16193	AAA_assoc_2	73
2737832486	432	256	423	1	166	2.7e-67	225.7	pfam12002	MgsA_C	167
2737832487	212	31	202	2	165	5.4e-39	133.4	pfam03548	LolA	165
2737832488	755	1	184	10	171	1.2e-35	122.6	pfam13491	FtsK_4TM	171
2737832488	755	372	582	2	243	2.7e-63	213.4	pfam01580	FtsK_SpoIIIE	243
2737832488	755	689	751	2	62	7.5e-26	89.6	pfam09397	Ftsk_gamma	63
2737832489	225	33	121	2	88	7.8e-23	80.2	pfam00027	cNMP_binding	88
2737832489	225	153	221	1	54	1.9e-13	50.1	pfam13545	HTH_Crp_2	68
2737832490	630	35	118	2	74	5.3e-13	49	pfam00575	S1	75
2737832490	630	120	390	1	269	3.2e-93	311.9	pfam10150	RNase_E_G	270
2737832491	332	22	68	1	47	4.3e-05	23	pfam01479	S4	48
2737832491	332	100	264	2	160	4.4e-30	104.8	pfam00849	PseudoU_synth_2	161
2737832492	103	6	97	2	91	5.1e-18	65.6	pfam00816	Histone_HNS	92
2737832493	219	9	186	1	178	7.8e-31	107.4	pfam13419	HAD_2	178
2737832494	130	12	113	2	85	1.5e-10	40.8	pfam00355	Rieske	89
2737832495	183	139	183	6	46	2.8e-11	43.5	pfam01343	Peptidase_S49	154
2737832497	217	4	79	11	76	3.8e-13	49.4	pfam02798	GST_N	76
2737832497	217	111	207	6	93	9.9e-10	38.4	pfam00043	GST_C	93
2737832498	363	16	335	1	317	8.5e-117	389.6	pfam00762	Ferrochelatase	317
2737832500	270	10	263	1	236	2.3e-50	171.3	pfam01925	TauE	236
2737832501	104	31	103	1	74	2.6e-30	104	pfam02201	SWIB	74
2737832503	268	8	67	1	60	1.1e-19	70	pfam00126	HTH_1	60
2737832503	268	91	268	4	178	8.6e-45	152.5	pfam03466	LysR_substrate	209
2737832504	473	16	137	1	120	4.3e-45	152.6	pfam02788	RuBisCO_large_N	120
2737832504	473	147	455	1	299	1.5e-127	424.8	pfam00016	RuBisCO_large	299
2737832505	115	16	112	1	96	4.1e-39	132.3	pfam00101	RuBisCO_small	97
2737832506	267	35	169	2	138	4.4e-32	110.8	pfam07728	AAA_5	138
2737832506	267	182	266	1	84	6.4e-33	112.7	pfam08406	CbbQ_C	85
2737832507	785	595	774	2	151	7.6e-08	32.7	pfam00092	VWA	175
2737832510	137	69	136	1	64	8.7e-25	87.4	pfam00344	SecY	307
2737832511	143	27	143	2	119	1.9e-29	102.7	pfam00828	Ribosomal_L27A	121
2737832512	60	7	57	2	52	2.5e-19	68.8	pfam00327	Ribosomal_L30	52
2737832513	172	17	81	1	64	3.5e-26	90.8	pfam00333	Ribosomal_S5	65
2737832513	172	92	163	1	72	9.4e-30	101.8	pfam03719	Ribosomal_S5_C	72
2737832514	121	2	121	2	116	2.4e-34	118.1	pfam00861	Ribosomal_L18p	116
2737832515	177	11	82	1	76	1.9e-13	50.8	pfam00347	Ribosomal_L6	76
2737832515	177	90	165	1	75	4.2e-19	68.9	pfam00347	Ribosomal_L6	76
2737832516	131	5	131	1	126	3.3e-50	169.2	pfam00410	Ribosomal_S8	127
2737832517	101	47	100	2	54	3.1e-24	84.4	pfam00253	Ribosomal_S14	54
2737832518	179	24	80	2	57	2.7e-26	91.5	pfam00281	Ribosomal_L5	57
2737832518	179	84	177	2	94	5.0e-39	132.2	pfam00673	Ribosomal_L5_C	94
2737832519	106	38	103	1	65	1.3e-22	79.9	pfam17136	ribosomal_L24	65
2737832520	122	1	122	1	122	3.9e-53	178.5	pfam00238	Ribosomal_L14	122
2737832521	274	7	100	1	97	3.5e-15	56.2	pfam03807	F420_oxidored	97
2737832521	274	163	267	1	103	9.7e-33	112.4	pfam14748	P5CR_dimer	103
2737832522	289	28	276	1	250	1.7e-58	197.8	pfam01040	UbiA	252
2737832523	211	128	209	1	78	4.5e-24	84.5	pfam01713	Smr	79
2737832524	796	224	343	2	115	2.1e-07	30.8	pfam02687	FtsX	121
2737832524	796	671	786	2	118	2.2e-11	43.7	pfam02687	FtsX	121
2737832525	77	10	71	174	231	6.2e-11	42.2	pfam13561	adh_short_C2	234
2737832526	227	36	225	1	171	3.3e-35	121.6	pfam04832	SOUL	171
2737832528	225	25	167	2	136	1.3e-23	83.9	pfam00005	ABC_tran	137
2737832529	222	5	219	1	215	2.8e-74	249.1	pfam03379	CcmB	215
2737832530	244	4	182	32	214	2.6e-26	92.6	pfam01578	Cytochrom_C_asm	214
2737832531	62	13	54	4	41	5.0e-09	36	pfam04995	CcmD	44
2737832532	149	3	130	2	128	7.2e-46	155.2	pfam03100	CcmE	128
2737832533	656	89	298	1	208	4.1e-52	176.9	pfam01578	Cytochrom_C_asm	214
2737832533	656	315	634	1	323	1.9e-122	408.4	pfam16327	CcmF_C	323
2737832534	161	33	160	3	135	1.2e-10	41.1	pfam08534	Redoxin	148
2737832535	543	282	530	1	230	1.6e-53	181.5	pfam13502	AsmA_2	231
2737832536	268	2	258	1	260	7.6e-54	182.7	pfam00795	CN_hydrolase	261
2737832537	573	300	414	2	112	1.0e-10	41.4	pfam00989	PAS	113
2737832537	573	439	509	1	62	5.7e-07	29.3	pfam00512	HisKA	64
2737832538	177	1	155	5	163	9.3e-50	168.8	pfam01923	Cob_adeno_trans	164
2737832539	428	29	403	2	386	3.0e-90	302.6	pfam00860	Xan_ur_permease	389
2737832540	301	13	148	4	135	5.6e-12	45.9	pfam00892	EamA	137
2737832540	301	161	299	2	136	6.5e-18	65.1	pfam00892	EamA	137
2737832541	185	1	172	182	336	2.3e-24	86.5	pfam01266	DAO	336
2737832542	210	7	209	1	207	7.0e-72	241.1	pfam14681	UPRTase	207
2737832543	144	4	140	3	94	8.9e-21	73.7	pfam06127	DUF962	95
2737832544	363	5	78	2	72	4.4e-19	68.3	pfam01883	DUF59	74
2737832544	363	96	340	2	245	1.9e-100	335.3	pfam10609	ParA	246
2737832545	694	7	414	2	390	0.0e+00	448	pfam09334	tRNA-synt_1g	391
2737832545	694	594	692	1	86	4.8e-22	77.8	pfam01588	tRNA_bind	96
2737832546	113	27	113	1	94	6.4e-15	54.7	pfam00916	Sulfate_transp	381
2737832547	118	1	112	40	145	8.2e-25	87.5	pfam04268	SoxG	147
2737832548	312	10	69	1	60	2.0e-21	75.5	pfam00126	HTH_1	60
2737832548	312	92	299	4	208	2.1e-36	125.1	pfam03466	LysR_substrate	209
2737832549	510	7	506	5	503	0.0e+00	735.7	pfam06253	MTTB	503
2737832550	266	7	252	2	237	1.1e-41	143	pfam00724	Oxidored_FMN	341
2737832551	257	48	233	40	195	1.3e-38	132.5	pfam01746	tRNA_m1G_MT	195
2737832552	118	2	115	1	111	5.9e-48	161.3	pfam01245	Ribosomal_L19	111
2737832553	235	61	196	4	112	1.7e-14	53.9	pfam00293	NUDIX	131
2737832554	308	3	289	3	272	3.2e-13	49.4	pfam03186	CobD_Cbib	276
2737832555	306	58	234	1	166	3.0e-43	147.5	pfam03193	DUF258	167
2737832556	424	30	208	1	181	1.5e-53	181.3	pfam16491	Peptidase_M48_N	182
2737832556	424	211	421	1	195	7.5e-36	123.6	pfam01435	Peptidase_M48	196
2737832557	192	20	182	1	164	3.1e-30	105.8	pfam00929	RNase_T	165
2737832558	641	66	281	1	174	2.6e-42	144.4	pfam00270	DEAD	176
2737832558	641	320	429	14	111	1.2e-24	86.7	pfam00271	Helicase_C	111
2737832559	125	1	118	4	118	1.4e-29	102.7	pfam14833	NAD_binding_11	122
2737832560	131	44	117	1	65	2.6e-12	46.1	pfam01842	ACT	67
2737832561	475	2	83	2	79	4.0e-25	87.7	pfam14821	Thr_synth_N	79
2737832561	475	86	348	22	238	5.2e-10	39.1	pfam00291	PALP	294
2737832562	415	9	168	2	115	7.0e-40	135.6	pfam03453	MoeA_N	115
2737832562	415	181	328	2	143	5.9e-26	90.7	pfam00994	MoCF_biosynth	144
2737832562	415	343	410	2	72	4.6e-11	42.6	pfam03454	MoeA_C	72
2737832563	83	5	83	2	77	3.1e-18	66.1	pfam02597	ThiS	77
2737832564	159	9	123	1	113	1.3e-33	115.5	pfam02391	MoaE	113
2737832566	179	6	147	3	121	8.2e-27	93.9	pfam01510	Amidase_2	121
2737832567	790	35	133	2	85	5.9e-18	65.1	pfam03477	ATP-cone	86
2737832567	790	151	235	8	80	1.6e-05	25.2	pfam03477	ATP-cone	86
2737832567	790	289	364	3	80	6.6e-19	67.6	pfam00317	Ribonuc_red_lgN	83
2737832567	790	367	790	1	409	0.0e+00	485.5	pfam02867	Ribonuc_red_lgC	524
2737832569	159	41	159	1	117	6.2e-26	91.1	pfam02631	RecX	122
2737832570	302	12	151	2	129	1.2e-14	54.5	pfam00892	EamA	137
2737832570	302	165	297	2	133	1.3e-14	54.4	pfam00892	EamA	137
2737832571	305	3	109	58	114	2.0e-06	28.1	pfam01118	Semialdhyde_dh	121
2737832572	386	2	203	1	200	7.8e-80	267.1	pfam08442	ATP-grasp_2	202
2737832572	386	262	382	1	151	1.3e-24	86.6	pfam00549	Ligase_CoA	153
2737832573	52	6	52	1	45	7.4e-06	26.4	pfam02629	CoA_binding	96
2737832575	317	36	290	2	256	1.5e-56	191.7	pfam04069	OpuAC	257
2737832576	295	4	291	1	274	3.3e-94	315.1	pfam05853	BKACE	274
2737832577	321	9	186	3	178	1.0e-37	129.6	pfam02737	3HCDH_N	180
2737832577	321	188	286	1	69	9.9e-14	51.6	pfam00725	3HCDH	97
2737832578	160	12	143	1	117	1.1e-14	54.8	pfam13279	4HBT_2	123
2737832580	433	5	149	1	149	2.3e-31	108.6	pfam00817	IMS	150
2737832580	433	247	364	6	108	2.7e-16	60.2	pfam11799	IMS_C	118
2737832580	433	379	431	2	51	6.2e-17	61.3	pfam13438	DUF4113	51
2737832581	780	13	62	1	52	1.3e-14	53.9	pfam02861	Clp_N	53
2737832581	780	219	356	2	111	1.2e-11	45	pfam00004	AAA	132
2737832581	780	495	656	1	170	2.0e-45	154.8	pfam07724	AAA_2	171
2737832581	780	662	742	1	81	1.4e-22	79.4	pfam10431	ClpB_D2-small	81
2737832582	118	34	113	2	79	2.5e-31	107.2	pfam02617	ClpS	80
2737832583	652	94	426	1	324	2.6e-103	345.7	pfam00773	RNB	326
2737832583	652	502	585	5	72	4.8e-10	39.5	pfam00575	S1	75
2737832584	183	9	83	2	66	3.1e-08	33.8	pfam02325	YGGT	69
2737832584	183	114	182	2	64	1.5e-15	57.2	pfam02325	YGGT	69
2737832585	422	2	400	2	335	6.8e-46	157.3	pfam01266	DAO	336
2737832586	244	4	218	1	215	1.5e-89	298.8	pfam00318	Ribosomal_S2	215
2737832587	100	70	100	1	30	1.4e-08	34.5	pfam00889	EF_TS	208
2737832588	415	148	230	2	81	2.7e-25	88.1	pfam03979	Sigma70_r1_1	82
2737832588	415	245	278	1	32	7.7e-13	48.1	pfam00140	Sigma70_r1_2	34
2737832588	415	286	415	2	130	2.2e-31	109.2	pfam04546	Sigma70_ner	204
2737832589	502	18	141	2	127	1.6e-38	131.5	pfam08275	Toprim_N	128
2737832589	502	148	226	3	79	1.4e-14	54.2	pfam13662	Toprim_4	89
2737832589	502	258	313	1	54	4.9e-12	45.7	pfam10410	DnaB_bind	56
2737832590	201	11	166	2	160	3.7e-29	101.8	pfam00849	PseudoU_synth_2	161
2737832591	336	64	155	1	80	9.5e-07	29.2	pfam04773	FecR	96
2737832591	336	234	329	1	95	7.2e-17	61.4	pfam00691	OmpA	95
2737832592	274	61	259	3	206	4.0e-48	163.5	pfam00924	MS_channel	206
2737832593	324	1	313	5	276	1.1e-56	192.1	pfam01207	Dus	310
2737832594	358	2	152	14	150	2.2e-58	197.5	pfam04262	Glu_cys_ligase	372
2737832594	358	150	356	171	370	3.5e-76	256.1	pfam04262	Glu_cys_ligase	372
2737832597	353	24	167	1	136	8.7e-34	116.8	pfam00005	ABC_tran	137
2737832597	353	278	346	2	75	2.8e-09	36.9	pfam08402	TOBE_2	76
2737832598	296	16	291	11	183	1.3e-11	44.4	pfam00528	BPD_transp_1	185
2737832599	290	81	287	3	181	5.2e-16	58.8	pfam00528	BPD_transp_1	185
2737832601	322	10	322	1	313	3.4e-104	348.1	pfam02685	Glucokinase	316
2737832602	147	41	144	4	102	2.9e-27	94.5	pfam00085	Thioredoxin	104
2737832603	43	3	43	1	43	6.4e-08	33.1	pfam00576	Transthyretin	110
2737832604	239	24	85	5	64	9.8e-15	53.8	pfam00392	GntR	64
2737832604	239	95	218	1	124	1.0e-22	80.7	pfam07729	FCD	125
2737832605	316	69	189	14	102	2.9e-10	40	pfam01522	Polysacc_deac_1	124
2737832606	591	9	170	2	155	7.2e-39	133.6	pfam09349	OHCU_decarbox	155
2737832606	591	255	585	1	206	1.6e-22	80.1	pfam01546	Peptidase_M20	207
2737832606	591	387	492	4	106	1.3e-06	28.1	pfam07687	M20_dimer	109
2737832607	415	90	411	1	206	2.4e-27	95.9	pfam01546	Peptidase_M20	207
2737832607	415	192	304	1	106	5.4e-20	71.2	pfam07687	M20_dimer	109
2737832608	282	40	255	8	214	7.5e-38	130.5	pfam09084	NMT1	216
2737832609	431	17	420	1	402	0.0e+00	581.2	pfam08886	GshA	402
2737832610	426	2	293	25	291	1.3e-16	60	pfam00171	Aldedh	462
2737832610	426	309	394	366	437	9.0e-07	27.6	pfam00171	Aldedh	462
2737832611	274	1	121	60	174	9.0e-11	41.7	pfam06144	DNA_pol3_delta	174
2737832611	274	145	270	1	93	2.3e-07	31	pfam14840	DNA_pol3_delt_C	125
2737832612	458	3	294	1	295	1.3e-84	283.9	pfam00732	GMC_oxred_N	296
2737832612	458	386	458	1	76	7.5e-11	42.6	pfam05199	GMC_oxred_C	144
2737832613	385	111	343	3	251	5.4e-30	104.9	pfam00487	FA_desaturase	254
2737832614	332	3	104	2	100	5.8e-40	135.6	pfam00044	Gp_dh_N	101
2737832614	332	156	313	1	158	1.5e-64	216.2	pfam02800	Gp_dh_C	158
2737832616	269	32	153	3	131	2.8e-11	43.3	pfam03099	BPL_LplA_LipB	131
2737832616	269	224	267	6	48	1.4e-04	21.5	pfam02237	BPL_C	48
2737832617	161	24	125	1	169	1.0e-19	71.4	pfam00856	SET	169
2737832618	409	9	148	1	99	1.9e-11	44	pfam01751	Toprim	103
2737832618	409	164	409	2	225	1.7e-59	201.7	pfam01131	Topoisom_bac	412
2737832619	229	1	228	61	265	6.7e-67	225.4	pfam02569	Pantoate_ligase	266
2737832620	338	5	166	3	154	6.4e-33	113.8	pfam01210	NAD_Gly3P_dh_N	157
2737832620	338	185	326	1	141	1.1e-47	161.7	pfam07479	NAD_Gly3P_dh_C	142
2737832621	148	2	142	5	142	1.3e-51	174.1	pfam02556	SecB	142
2737832622	85	4	64	1	60	5.6e-19	68	pfam00462	Glutaredoxin	60
2737832623	136	36	129	2	106	3.9e-16	59.4	pfam00581	Rhodanese	107
2737832624	247	4	145	1	128	4.6e-31	107.9	pfam00300	His_Phos_1	194
2737832624	247	123	228	111	183	1.5e-04	21.4	pfam00300	His_Phos_1	194
2737832626	252	1	195	200	395	4.4e-20	71.7	pfam00148	Oxidored_nitro	399
2737832627	508	27	416	3	398	2.4e-34	118.6	pfam00148	Oxidored_nitro	399
2737832627	508	447	498	1	44	6.7e-08	32.5	pfam08369	PCP_red	45
2737832628	47	12	47	1	39	7.3e-12	45.2	pfam00556	LHC	39
2737832630	69	1	41	1	39	5.3e-13	48.8	pfam00556	LHC	39
2737832631	278	30	273	1	260	2.0e-96	322.1	pfam00124	Photo_RC	260
2737832632	325	51	304	1	259	6.6e-102	340	pfam00124	Photo_RC	260
2737832633	362	33	342	1	311	0.0e+00	476.3	pfam02276	CytoC_RC	311
2737832636	36	9	31	3	23	1.2e-07	31.2	pfam13627	LPAM_2	23
2737832637	424	38	284	7	242	8.5e-67	225	pfam02784	Orn_Arg_deC_N	242
2737832637	424	293	398	2	109	1.3e-17	63.7	pfam00278	Orn_DAP_Arg_deC	110
2737832638	200	42	157	6	124	6.0e-15	55.4	pfam01794	Ferric_reduct	124
2737832639	326	97	259	8	172	3.6e-27	94.9	pfam00174	Oxidored_molyb	172
2737832640	194	2	166	78	226	3.2e-31	108.1	pfam00891	Methyltransf_2	227
2737832642	335	38	303	2	267	4.3e-93	311.5	pfam00142	Fer4_NifH	271
2737832643	278	69	278	1	205	6.7e-21	74.3	pfam00148	Oxidored_nitro	399
2737832644	293	1	82	2	83	9.3e-17	61	pfam02899	Phage_int_SAM_1	84
2737832644	293	103	280	2	170	8.4e-45	152.5	pfam00589	Phage_integrase	172
2737832645	267	12	262	3	244	1.5e-88	296.4	pfam04305	DUF455	245
2737832646	174	10	45	6	33	1.9e-03	17.7	pfam00132	Hexapep	36
2737832646	174	88	123	1	35	2.3e-08	33.3	pfam00132	Hexapep	36
2737832647	242	1	237	17	217	1.7e-49	168.5	pfam01430	HSP33	267
2737832648	130	1	123	6	116	1.7e-15	57.2	pfam04340	DUF484	225
2737832649	328	12	94	1	84	2.9e-10	40.2	pfam02899	Phage_int_SAM_1	84
2737832649	328	115	297	10	171	1.3e-38	132.3	pfam00589	Phage_integrase	172
2737832650	369	5	187	1	175	1.6e-53	180.8	pfam02492	cobW	177
2737832650	369	272	366	1	92	1.1e-20	73.1	pfam07683	CobW_C	93
2737832651	370	328	363	1	35	4.3e-10	39.2	pfam01258	zf-dskA_traR	36
2737832652	141	1	70	1	63	1.4e-14	53.7	pfam02381	MraZ	72
2737832652	141	72	135	1	56	4.2e-14	52.2	pfam02381	MraZ	72
2737832653	307	4	303	3	308	2.6e-93	312.8	pfam01795	Methyltransf_5	309
2737832654	98	1	85	14	90	4.0e-15	55.4	pfam04999	FtsL	97
2737832655	300	65	215	2	178	5.5e-20	72.3	pfam03717	PBP_dimer	180
2737832655	300	254	300	1	46	5.2e-10	38.9	pfam00905	Transpeptidase	306
2737832656	523	6	523	1	490	0.0e+00	639.1	pfam02092	tRNA_synt_2f	534
2737832657	301	4	281	1	278	0.0e+00	500	pfam02091	tRNA-synt_2e	278
2737832658	364	59	329	33	259	5.3e-17	61.9	pfam00795	CN_hydrolase	261
2737832659	354	1	67	46	110	2.7e-11	43.7	pfam00271	Helicase_C	111
2737832659	354	78	140	2	66	1.6e-17	63.8	pfam16124	RecQ_Zn_bind	66
2737832659	354	142	259	1	112	5.7e-38	129.1	pfam09382	RQC	114
2737832659	354	282	349	2	68	2.2e-21	75.5	pfam00570	HRDC	68
2737832661	618	24	616	2	582	0.0e+00	925.8	pfam00821	PEPCK	582
2737832663	153	11	70	1	60	8.6e-18	63.9	pfam00126	HTH_1	60
2737832664	156	1	149	1	149	5.5e-65	217.4	pfam00177	Ribosomal_S7	149
2737832665	700	8	288	2	194	6.6e-64	214.9	pfam00009	GTP_EFTU	194
2737832665	700	329	396	1	74	5.1e-19	68.3	pfam03144	GTP_EFTU_D2	74
2737832665	700	409	483	1	75	2.4e-34	117.1	pfam14492	EFG_II	75
2737832665	700	484	604	1	121	2.6e-48	162.6	pfam03764	EFG_IV	121
2737832665	700	606	694	1	87	8.2e-31	105.8	pfam00679	EFG_C	89
2737832666	63	10	63	1	56	6.1e-15	55.1	pfam00009	GTP_EFTU	194
2737832668	81	9	79	1	67	1.1e-15	57.6	pfam07362	CcdA	71
2737832669	109	3	105	1	99	4.1e-24	84.6	pfam01845	CcdB	100
2737832671	395	180	289	11	101	1.8e-07	30.7	pfam05762	VWA_CoxE	223
2737832673	306	11	306	8	283	4.6e-73	246.2	pfam00275	EPSP_synthase	417
2737832674	292	17	275	1	256	9.3e-71	237.7	pfam02153	PDH	258
2737832675	360	9	86	1	74	1.1e-22	80.1	pfam01817	CM_2	75
2737832675	360	90	267	1	179	7.4e-62	208.3	pfam00800	PDT	183
2737832677	493	93	272	2	177	1.0e-61	207.8	pfam02737	3HCDH_N	180
2737832677	493	274	366	1	97	1.8e-23	82.9	pfam00725	3HCDH	97
2737832677	493	402	492	3	85	5.6e-08	33.2	pfam00725	3HCDH	97
2737832678	391	4	261	2	259	2.6e-59	200.6	pfam00108	Thiolase_N	260
2737832678	391	268	390	1	122	2.5e-42	143.3	pfam02803	Thiolase_C	123
2737832679	489	7	30	10	32	2.7e-05	24	pfam12418	AcylCoA_DH_N	32
2737832679	489	31	147	5	104	3.0e-06	27.7	pfam02771	Acyl-CoA_dh_N	113
2737832679	489	156	279	2	94	2.1e-11	43.7	pfam02770	Acyl-CoA_dh_M	97
2737832679	489	308	483	1	145	3.8e-19	69.2	pfam00441	Acyl-CoA_dh_1	150
2737832681	657	60	239	3	178	1.8e-38	132.5	pfam03717	PBP_dimer	180
2737832681	657	270	610	1	305	1.6e-67	227.8	pfam00905	Transpeptidase	306
2737832682	269	20	259	3	235	4.0e-43	147.6	pfam01925	TauE	236
2737832683	554	7	317	1	295	1.7e-70	237.6	pfam00732	GMC_oxred_N	296
2737832683	554	408	546	1	143	3.8e-36	124.6	pfam05199	GMC_oxred_C	144
2737832684	584	40	482	3	422	3.7e-103	345.2	pfam00501	AMP-binding	423
2737832684	584	490	567	1	74	8.2e-19	68.2	pfam13193	AMP-binding_C	74
2737832685	304	12	193	3	179	5.9e-36	123.9	pfam01758	SBF	195
2737832686	87	1	81	161	234	2.0e-10	40.6	pfam01925	TauE	236
2737832687	162	33	149	1	124	1.7e-29	102.1	pfam02780	Transketolase_C	124
2737832688	359	35	322	3	282	6.2e-57	193	pfam03480	DctP	286
2737832689	200	25	163	4	130	1.1e-26	93.2	pfam04290	DctQ	132
2737832690	591	14	524	2	415	1.5e-109	366.5	pfam06808	DctM	416
2737832691	149	13	147	4	129	7.7e-35	119.3	pfam00692	dUTPase	129
2737832693	382	26	326	1	284	7.9e-82	275.1	pfam08007	Cupin_4	319
2737832694	58	1	57	266	314	3.1e-06	26.3	pfam06804	Lipoprotein_18	317
2737832695	291	31	89	1	47	3.9e-11	42.7	pfam12221	HflK_N	47
2737832695	291	133	288	2	144	5.8e-19	68.7	pfam01145	Band_7	178
2737832696	392	26	114	3	89	1.7e-27	95.8	pfam13167	GTP-bdg_N	89
2737832696	392	116	195	1	79	5.0e-29	100.6	pfam16360	GTP-bdg_M	79
2737832696	392	202	322	2	114	2.3e-20	72.6	pfam01926	MMR_HSR1	114
2737832697	81	8	70	1	63	8.7e-32	108.4	pfam17209	Hfq	64
2737832698	445	4	120	2	114	6.5e-28	97	pfam01926	MMR_HSR1	114
2737832698	445	182	300	2	114	7.2e-23	80.7	pfam01926	MMR_HSR1	114
2737832698	445	356	436	1	80	4.7e-24	84.3	pfam14714	KH_dom-like	80
2737832699	378	69	103	2	31	2.0e-05	24.1	pfam01011	PQQ	38
2737832699	378	96	304	25	236	1.6e-43	148.8	pfam13360	PQQ_2	237
2737832700	219	17	211	1	192	3.1e-52	177	pfam09976	TPR_21	193
2737832701	432	10	312	1	310	1.0e-48	166.1	pfam13393	tRNA-synt_His	310
2737832702	349	1	339	51	350	4.0e-91	305.6	pfam04551	GcpE	351
2737832703	263	38	156	40	134	2.5e-06	27.6	pfam01029	NusB	134
2737832704	180	3	177	4	163	1.7e-05	24.2	pfam04011	LemA	180
2737832705	657	18	567	1	266	1.4e-73	247.5	pfam04998	RNA_pol_Rpb1_5	267
2737832706	455	67	147	3	81	1.6e-13	50.6	pfam13180	PDZ_2	82
2737832706	455	165	349	2	165	2.8e-49	166.8	pfam03572	Peptidase_S41	166
2737832707	252	9	248	1	240	2.6e-61	207	pfam00899	ThiF	244
2737832708	164	52	147	1	105	1.6e-13	50.9	pfam00565	SNase	108
2737832710	384	14	378	1	346	0.0e+00	444.1	pfam01070	FMN_dh	348
2737832711	76	11	73	1	43	1.4e-08	34.7	pfam00817	IMS	150
2737832713	403	46	202	3	136	6.8e-29	101	pfam00005	ABC_tran	137
2737832714	418	26	361	9	353	1.9e-17	63.1	pfam07690	MFS_1	353
2737832715	294	8	142	2	136	3.8e-11	43.2	pfam00892	EamA	137
2737832715	294	150	280	2	134	8.2e-12	45.3	pfam00892	EamA	137
2737832717	308	99	302	1	187	8.3e-82	273.2	pfam03441	FAD_binding_7	189
2737832718	57	6	52	2	47	3.2e-23	81.3	pfam00301	Rubredoxin	47
2737832719	304	28	272	1	242	3.6e-32	111.6	pfam08543	Phos_pyr_kin	246
2737832720	433	29	425	10	377	1.3e-76	257.7	pfam00202	Aminotran_3	406
2737832722	387	1	331	34	336	2.5e-33	116	pfam01266	DAO	336
2737832723	117	5	108	1	114	1.6e-32	111.8	pfam09585	Lin0512_fam	114
2737832724	125	5	108	1	113	3.6e-33	113.9	pfam09585	Lin0512_fam	114
2737832725	450	1	72	8	75	4.1e-18	65.2	pfam02881	SRP54_N	75
2737832725	450	90	286	1	195	4.3e-70	235.2	pfam00448	SRP54	196
2737832725	450	318	418	2	99	1.6e-30	105.5	pfam02978	SRP_SPB	99
2737832726	148	20	148	3	128	1.4e-37	129.2	pfam01960	ArgJ	376
2737832727	913	5	405	2	290	0.0e+00	435.6	pfam07517	SecA_DEAD	290
2737832727	913	230	361	3	111	1.4e-36	125.4	pfam01043	SecA_PP_bind	111
2737832727	913	627	840	1	198	4.6e-60	203	pfam07516	SecA_SW	199
2737832727	913	893	911	1	19	1.9e-10	40.3	pfam02810	SEC-C	19
2737832734	631	180	321	1	128	9.6e-19	68	pfam00004	AAA	132
2737832734	631	397	601	2	204	4.6e-93	310.3	pfam05362	Lon_C	205
2737832735	179	4	179	1	155	3.3e-22	79.3	pfam13419	HAD_2	178
2737832736	226	5	208	2	198	2.3e-82	275.1	pfam00834	Ribul_P_3_epim	198
2737832737	131	17	103	1	86	1.2e-31	108.6	pfam04379	DUF525	87
2737832738	324	27	136	1	94	2.2e-23	82.6	pfam00586	AIRS	94
2737832738	324	148	305	3	150	1.2e-09	38.4	pfam02769	AIRS_C	156
2737832739	199	50	198	1	142	9.5e-44	148.8	pfam04608	PgpA	143
2737832740	158	4	158	4	154	1.2e-59	200.2	pfam02464	CinA	155
2737832741	259	16	225	1	174	3.6e-29	102.2	pfam03695	UPF0149	175
2737832741	259	241	259	1	18	1.3e-08	34.5	pfam02810	SEC-C	19
2737832742	543	139	479	66	367	5.8e-86	288.8	pfam01645	Glu_synthase	368
2737832743	139	3	115	2	116	1.8e-19	70.4	pfam13470	PIN_3	116
2737832745	371	18	363	2	341	7.5e-60	203.3	pfam13458	Peripla_BP_6	342
2737832746	190	28	88	1	60	2.0e-28	98.1	pfam07879	PHB_acc_N	61
2737832746	190	92	131	1	39	2.5e-16	59.3	pfam05233	PHB_acc	40
2737832746	190	137	176	1	39	4.5e-14	52	pfam05233	PHB_acc	40
2737832747	450	12	110	1	84	5.6e-19	67.9	pfam00919	UPF0004	98
2737832747	450	151	334	3	167	6.3e-27	94.9	pfam04055	Radical_SAM	167
2737832748	55	8	55	1	48	1.3e-21	76.8	pfam13089	PP_kinase_N	107
2737832749	285	27	254	3	145	3.5e-12	46.7	pfam12850	Metallophos_2	165
2737832750	280	55	156	1	100	3.9e-33	114	pfam13444	Acetyltransf_5	101
2737832751	405	33	203	1	169	2.5e-24	86.1	pfam13439	Glyco_transf_4	170
2737832751	405	223	358	3	130	1.5e-25	90.1	pfam13692	Glyco_trans_1_4	134
2737832752	411	1	181	1	181	5.4e-36	123.8	pfam03721	UDPG_MGDP_dh_N	187
2737832752	411	198	289	2	93	1.2e-26	92.6	pfam00984	UDPG_MGDP_dh	94
2737832754	74	6	73	6	67	1.4e-05	24.9	pfam06127	DUF962	95
2737832755	107	1	78	36	115	6.7e-12	46.1	pfam13470	PIN_3	116
2737832756	332	73	228	1	165	5.0e-14	53.1	pfam00929	RNase_T	165
2737832757	554	22	191	1	137	2.2e-29	102.6	pfam00005	ABC_tran	137
2737832757	554	230	312	1	80	2.9e-12	46.3	pfam12848	ABC_tran_Xtn	85
2737832757	554	339	473	2	137	6.2e-23	81.7	pfam00005	ABC_tran	137
2737832758	158	2	90	5	87	2.0e-14	53.4	pfam01243	Pyridox_oxidase	88
2737832759	181	7	178	2	170	9.1e-66	220.7	pfam07209	DUF1415	171
2737832762	549	3	265	1	266	3.2e-125	416.6	pfam06418	CTP_synth_N	266
2737832762	549	299	535	2	190	2.6e-54	183.8	pfam00117	GATase	190
2737832763	417	15	196	1	156	2.7e-41	140.8	pfam02441	Flavoprotein	158
2737832763	417	201	386	1	185	4.3e-64	215.6	pfam04127	DFP	186
2737832764	125	5	117	2	91	5.7e-24	84.1	pfam02537	CRCB	92
2737832765	304	1	292	7	298	5.3e-95	318	pfam04381	RdgC	298
2737832766	381	43	93	14	54	1.7e-04	22.1	pfam13432	TPR_16	68
2737832766	381	185	248	2	67	2.7e-04	21.4	pfam13432	TPR_16	68
2737832767	91	18	80	1	60	4.6e-14	51.8	pfam06305	DUF1049	64
2737832768	113	1	91	1	89	4.9e-31	106.7	pfam00216	Bac_DNA_binding	90
2737832769	249	1	39	41	75	3.7e-05	23.8	pfam00575	S1	75
2737832769	249	53	126	4	75	2.4e-19	69.3	pfam00575	S1	75
2737832769	249	140	212	4	75	2.8e-17	62.7	pfam00575	S1	75
2737832771	127	2	87	21	96	1.3e-11	45	pfam01230	HIT	98
2737832772	1117	4	152	3	137	3.2e-23	81.9	pfam01565	FAD_binding_4	139
2737832772	1117	253	395	23	150	7.6e-04	19.1	pfam02913	FAD-oxidase_C	250
2737832772	1117	485	594	146	250	2.2e-16	60.1	pfam02913	FAD-oxidase_C	250
2737832772	1117	644	724	2	65	6.6e-07	29.6	pfam13183	Fer4_8	65
2737832772	1117	855	945	1	84	3.5e-06	27	pfam02754	CCG	85
2737832772	1117	979	1070	1	82	1.5e-05	25	pfam02754	CCG	85
2737832772	1117	1070	1117	1	45	3.8e-23	80.6	pfam11880	DUF3400	45
2737832773	286	49	192	2	136	2.6e-32	112.1	pfam00005	ABC_tran	137
2737832774	258	29	92	2	64	4.6e-21	74.1	pfam00392	GntR	64
2737832774	258	117	245	2	124	1.6e-24	86.5	pfam07729	FCD	125
2737832775	275	12	216	1	173	6.1e-20	71.6	pfam01370	Epimerase	241
2737832776	298	13	267	1	245	4.4e-70	235.9	pfam08450	SGL	246
2737832777	324	29	313	4	283	1.2e-73	247.8	pfam03480	DctP	286
2737832779	117	5	102	32	92	6.2e-08	32.6	pfam08669	GCV_T_C	95
2737832780	455	20	447	1	433	1.3e-84	284.9	pfam12831	FAD_oxidored	433
2737832781	264	36	245	65	243	2.3e-22	79.6	pfam12974	Phosphonate-bd	243
2737832782	325	47	293	5	245	7.5e-25	88.1	pfam00487	FA_desaturase	254
2737832783	108	1	98	57	145	1.2e-12	48.1	pfam04268	SoxG	147
2737832784	488	1	152	48	190	5.9e-29	100.9	pfam00009	GTP_EFTU	194
2737832784	488	273	378	2	105	3.0e-34	117.2	pfam11987	IF-2	105
2737832785	123	11	112	3	104	1.4e-28	99.3	pfam02033	RBFA	104
2737832786	321	35	186	1	149	5.6e-54	182.4	pfam01509	TruB_N	149
2737832786	321	187	245	1	63	1.0e-15	57.5	pfam16198	TruB_C_2	64
2737832787	308	3	200	1	193	6.3e-57	192.1	pfam00009	GTP_EFTU	194
2737832787	308	223	294	1	73	1.2e-08	35.1	pfam03144	GTP_EFTU_D2	74
2737832788	50	1	47	21	66	1.7e-16	60.2	pfam01355	HIPIP	66
2737832789	394	4	102	2	98	2.8e-40	136.8	pfam00438	S-AdoMet_synt_N	99
2737832789	394	117	239	2	118	2.8e-45	153.3	pfam02772	S-AdoMet_synt_M	118
2737832789	394	241	380	1	138	8.0e-69	229.8	pfam02773	S-AdoMet_synt_C	138
2737832790	290	2	278	80	294	9.5e-25	87.2	pfam03279	Lip_A_acyltrans	295
2737832791	238	51	176	1	111	1.8e-17	63.4	pfam01926	MMR_HSR1	114
2737832792	204	27	102	2	67	2.3e-08	34.1	pfam13442	Cytochrome_CBB3	67
2737832792	204	121	204	10	89	2.3e-07	31.7	pfam00034	Cytochrom_C	92
2737832793	162	25	162	1	135	2.3e-45	154.9	pfam00310	GATase_2	420
2737832794	231	9	124	4	117	2.0e-17	63.3	pfam01797	Y1_Tnp	121
2737832795	382	69	205	1	121	8.9e-17	61.3	pfam01966	HD	122
2737832795	382	290	374	1	92	1.4e-25	89.5	pfam13286	HD_assoc	92
2737832796	292	1	257	4	261	7.5e-105	349.7	pfam01761	DHQ_synthase	262
2737832798	141	4	138	1	132	2.5e-53	179.6	pfam00334	NDK	135
2737832799	380	105	283	2	161	3.2e-15	56.8	pfam04055	Radical_SAM	167
2737832800	251	146	216	4	54	1.8e-06	28.3	pfam14559	TPR_19	68
2737832801	192	25	86	2	60	2.3e-15	56.1	pfam13413	HTH_25	62
2737832803	214	13	92	1	70	1.6e-17	63.5	pfam13417	GST_N_3	75
2737832803	214	133	201	2	66	1.6e-13	50.3	pfam13410	GST_C_2	70
2737832804	467	22	331	14	305	1.8e-57	195	pfam00206	Lyase_1	312
2737832804	467	343	457	1	115	7.9e-49	164.4	pfam08328	ASL_C	115
2737832805	186	1	182	1	172	6.6e-65	217.8	pfam07152	YaeQ	173
2737832806	142	2	68	2	68	3.0e-26	91	pfam12512	DUF3717	68
2737832806	142	73	133	1	46	2.8e-16	58.9	pfam06945	DUF1289	48
2737832808	292	205	280	12	77	2.4e-07	31	pfam03544	TonB_C	79
2737832809	258	55	115	13	61	1.4e-09	37.5	pfam00912	Transgly	178
2737832809	258	114	253	64	177	1.2e-36	125.7	pfam00912	Transgly	178
2737832810	190	11	160	1	148	8.0e-47	158.7	pfam02075	RuvC	148
2737832812	307	4	280	1	269	1.0e-102	343.2	pfam03331	LpxC	270
2737832814	556	48	161	2	113	1.0e-19	70.4	pfam00989	PAS	113
2737832814	556	317	387	2	61	1.1e-10	41.2	pfam00512	HisKA	64
2737832814	556	429	549	2	109	4.6e-16	59.2	pfam02518	HATPase_c	111
2737832815	207	10	120	1	111	1.6e-26	92.5	pfam00072	Response_reg	112
2737832815	207	144	200	2	56	1.0e-18	66.5	pfam00196	GerE	57
2737832816	284	5	120	1	116	6.6e-40	135.9	pfam00763	THF_DHG_CYH	116
2737832816	284	123	282	2	157	6.9e-69	230.1	pfam02882	THF_DHG_CYH_C	160
2737832817	142	7	111	1	98	1.4e-13	50.9	pfam13664	DUF4149	102
2737832818	158	4	74	1	71	7.8e-30	102.7	pfam03449	GreA_GreB_N	71
2737832818	158	81	157	3	77	1.2e-27	95.5	pfam01272	GreA_GreB	77
2737832819	886	2	143	80	210	1.6e-50	171.4	pfam02786	CPSase_L_D2	211
2737832819	886	229	350	2	123	2.5e-42	143.9	pfam02787	CPSase_L_D3	123
2737832819	886	480	688	1	210	7.8e-36	123.4	pfam02786	CPSase_L_D2	211
2737832819	886	767	854	2	94	7.5e-21	74	pfam02142	MGS	95
2737832820	138	1	122	99	216	2.8e-10	40.3	pfam00308	Bac_DnaA	219
2737832821	222	4	192	1	188	1.9e-35	122.9	pfam12710	HAD	188
2737832822	520	63	212	1	126	1.1e-33	116.2	pfam01743	PolyA_pol	126
2737832822	520	242	304	1	61	3.3e-11	42.6	pfam12627	PolyA_pol_RNAbd	64
2737832822	520	359	508	3	111	1.1e-32	112.4	pfam12626	PolyA_pol_arg_C	120
2737832823	170	18	145	1	112	1.1e-33	116	pfam01288	HPPK	112
2737832824	80	1	71	1	71	4.2e-16	58.4	pfam02604	PhdYeFM_antitox	75
2737832825	88	10	87	22	80	1.8e-09	37.4	pfam06769	YoeB_toxin	80
2737832826	210	32	118	4	88	9.0e-22	76.9	pfam01243	Pyridox_oxidase	88
2737832826	210	170	210	1	43	1.9e-18	66.1	pfam10590	PNPOx_C	43
2737832827	129	2	124	2	128	8.8e-23	80.8	pfam00903	Glyoxalase	128
2737832829	175	12	75	2	64	3.9e-18	64.7	pfam00392	GntR	64
2737832829	175	97	175	6	83	3.1e-10	39.9	pfam07702	UTRA	141
2737832830	384	14	334	3	313	1.3e-56	192.2	pfam00296	Bac_luciferase	314
2737832831	303	14	298	2	290	9.4e-56	189	pfam00248	Aldo_ket_red	292
2737832832	177	29	174	3	153	6.4e-32	110.6	pfam01613	Flavin_Reduct	155
2737832833	280	66	275	3	179	6.5e-21	74.8	pfam00528	BPD_transp_1	185
2737832834	224	15	222	3	176	3.0e-21	75.9	pfam00528	BPD_transp_1	185
2737832835	770	5	28	14	32	1.6e-09	37.5	pfam12434	Malate_DH	32
2737832835	770	30	163	3	182	3.4e-26	92	pfam00390	malic	182
2737832835	770	175	376	3	230	3.1e-21	75.7	pfam03949	Malic_M	257
2737832835	770	440	763	3	319	3.4e-90	302.5	pfam01515	PTA_PTB	319
2737832836	180	37	122	2	79	1.6e-23	82.4	pfam01337	Barstar	79
2737832837	258	2	257	4	231	6.4e-56	189.2	pfam00398	RrnaAD	265
2737832838	446	39	156	1	118	9.8e-27	93.2	pfam09312	SurA_N	118
2737832838	446	194	287	2	94	4.7e-17	62.6	pfam00639	Rotamase	96
2737832838	446	305	397	1	95	1.2e-21	77.3	pfam00639	Rotamase	96
2737832839	530	31	419	3	387	8.7e-57	193	pfam04453	OstA_C	387
2737832841	336	3	189	16	160	2.4e-36	124.8	pfam13177	DNA_pol3_delta2	163
2737832842	268	3	263	1	254	8.1e-73	244.8	pfam01026	TatD_DNase	255
2737832843	269	38	264	1	224	7.0e-66	221.7	pfam00497	SBP_bac_3	225
2737832844	228	9	221	2	183	1.8e-20	73.3	pfam00528	BPD_transp_1	185
2737832845	237	33	230	3	183	3.1e-18	66.1	pfam00528	BPD_transp_1	185
2737832846	380	29	368	3	288	2.1e-22	79.4	pfam04952	AstE_AspA	291
2737832847	262	27	186	1	137	6.9e-34	117.2	pfam00005	ABC_tran	137
2737832848	155	3	141	146	259	3.3e-35	121.7	pfam02016	Peptidase_S66	259
2737832849	200	28	176	1	151	1.6e-48	164.4	pfam04442	CtaG_Cox11	151
2737832850	68	12	67	2	55	9.6e-24	82.9	pfam11174	DUF2970	56
2737832851	293	10	129	3	111	4.4e-10	39.7	pfam00510	COX3	258
2737832851	293	120	293	96	255	1.1e-48	166.2	pfam00510	COX3	258
2737832852	78	1	71	1	60	5.7e-23	80.5	pfam11137	DUF2909	60
2737832853	243	16	220	2	176	4.2e-35	121.4	pfam02104	SURF1	176
2737832855	124	45	124	2	90	9.6e-27	93.8	pfam02628	COX15-CtaA	324
2737832856	207	55	174	3	112	2.6e-23	82.3	pfam03968	OstA	113
2737832857	209	54	201	40	181	2.2e-10	40.5	pfam01323	DSBA	193
2737832858	192	114	189	2	76	3.2e-13	49.7	pfam05036	SPOR	76
2737832859	568	6	92	5	85	3.9e-19	68.9	pfam03485	Arg_tRNA_synt_N	85
2737832859	568	100	438	2	304	2.5e-25	89	pfam00750	tRNA-synt_1d	349
2737832859	568	448	568	1	119	2.2e-31	108.4	pfam05746	DALR_1	119
2737832860	453	15	392	13	389	1.1e-59	202.6	pfam01433	Peptidase_M1	389
2737832861	374	39	229	3	191	3.5e-52	176.9	pfam03462	PCRF	192
2737832861	374	237	346	2	116	5.9e-40	135.7	pfam00472	RF-1	116
2737832862	179	19	179	1	133	1.5e-35	122.7	pfam00248	Aldo_ket_red	292
2737832863	406	1	67	55	116	1.4e-08	34.8	pfam02254	TrkA_N	116
2737832863	406	97	168	2	67	9.7e-10	38	pfam02080	TrkA_C	70
2737832863	406	177	293	1	116	7.5e-25	87.3	pfam02254	TrkA_N	116
2737832863	406	331	399	9	69	2.8e-11	42.9	pfam02080	TrkA_C	70
2737832864	487	41	487	9	491	4.1e-58	196.9	pfam02386	TrkH	502
2737832866	221	6	187	1	176	4.2e-24	85.5	pfam13419	HAD_2	178
2737832867	82	5	66	1	61	2.3e-25	88.5	pfam11390	FdsD	61
2737832868	168	1	162	77	236	3.4e-53	180.6	pfam02634	FdhD-NarQ	237
2737832869	71	8	71	4	59	1.9e-11	44.1	pfam02561	FliS	115
2737832872	236	18	90	2	69	7.1e-13	48	pfam04542	Sigma70_r2	71
2737832872	236	182	231	1	50	2.1e-15	55.8	pfam04545	Sigma70_r4	50
2737832873	271	10	227	2	127	9.9e-20	70.8	pfam01656	CbiA	128
2737832874	425	210	397	3	193	2.2e-17	63.2	pfam00448	SRP54	196
2737832875	113	1	99	561	656	7.8e-17	60.9	pfam00771	FHIPEP	658
2737832876	461	45	182	1	139	2.5e-39	134	pfam01565	FAD_binding_4	139
2737832876	461	218	459	2	250	1.8e-65	220.9	pfam02913	FAD-oxidase_C	250
2737832878	307	39	133	3	90	6.4e-23	80.7	pfam02195	ParBc	90
2737832879	179	6	175	1	169	5.2e-58	195.5	pfam06821	Ser_hydrolase	171
2737832880	240	1	162	16	177	3.9e-52	176.6	pfam13614	AAA_31	177
2737832881	330	1	59	79	137	2.9e-23	82	pfam05201	GlutR_N	137
2737832881	330	74	209	2	138	2.3e-44	150.7	pfam01488	Shikimate_DH	138
2737832881	330	223	323	1	94	1.2e-22	80	pfam00745	GlutR_dimer	96
2737832882	366	12	207	4	192	4.0e-63	212.6	pfam03462	PCRF	192
2737832882	366	214	325	4	116	1.7e-36	124.5	pfam00472	RF-1	116
2737832883	278	96	201	32	112	6.2e-13	48.5	pfam05175	MTS	169
2737832884	107	17	84	1	60	6.8e-19	67.7	pfam00462	Glutaredoxin	60
2737832885	583	94	468	2	179	1.4e-44	152	pfam00587	tRNA-synt_2b	179
2737832885	583	257	387	1	123	3.1e-27	95	pfam04073	tRNA_edit	123
2737832885	583	484	578	2	92	6.7e-20	70.9	pfam03129	HGTP_anticodon	94
2737832886	207	6	158	2	115	9.5e-24	83.8	pfam00293	NUDIX	131
2737832887	307	2	171	78	239	1.7e-31	109.5	pfam00696	AA_kinase	241
2737832887	307	214	288	1	73	9.0e-21	73.5	pfam01472	PUA	74
2737832888	98	1	97	142	234	1.5e-27	96.5	pfam13561	adh_short_C2	234
2737832889	252	15	250	1	232	6.0e-55	186.2	pfam13561	adh_short_C2	234
2737832890	287	72	283	2	218	8.1e-68	228.2	pfam01557	FAA_hydrolase	218
2737832891	341	78	341	2	261	1.9e-101	338.6	pfam01761	DHQ_synthase	262
2737832892	579	1	126	7	130	5.5e-17	61.9	pfam07696	7TMR-DISMED2	133
2737832892	579	373	432	2	61	8.9e-07	28.7	pfam00512	HisKA	64
2737832892	579	472	578	9	97	1.4e-06	28.7	pfam02518	HATPase_c	111
2737832893	235	8	118	1	111	6.8e-24	84.1	pfam00072	Response_reg	112
2737832893	235	152	228	2	77	1.1e-10	41.3	pfam00486	Trans_reg_C	77
2737832894	251	13	230	1	221	2.7e-68	229.7	pfam07277	SapC	221
2737832895	112	12	108	2	97	4.8e-20	71.5	pfam04519	Bactofilin	98
2737832897	284	4	282	2	275	1.4e-82	277.5	pfam03486	HI0933_like	409
2737832898	361	27	326	2	270	1.2e-95	320.2	pfam00814	Peptidase_M22	271
2737832899	432	34	396	1	339	1.0e-62	212.7	pfam13458	Peripla_BP_6	342
2737832900	88	7	87	1	81	8.6e-37	125.1	pfam00312	Ribosomal_S15	81
2737832901	396	15	146	4	132	3.8e-20	72.6	pfam01138	RNase_PH	132
2737832901	396	149	213	1	66	9.2e-12	44.7	pfam03725	RNase_PH_C	67
2737832901	396	243	322	3	83	2.2e-15	56.7	pfam03726	PNPase	83
2737832901	396	325	396	2	65	1.2e-09	38.6	pfam01138	RNase_PH	132
2737832903	357	4	158	1	155	2.7e-57	192.6	pfam01018	GTP1_OBG	155
2737832903	357	161	285	1	114	5.8e-25	87.5	pfam01926	MMR_HSR1	114
2737832904	85	2	82	1	79	9.2e-38	128	pfam01016	Ribosomal_L27	79
2737832905	103	1	101	1	101	1.8e-40	137.1	pfam00829	Ribosomal_L21p	101
2737832906	326	33	281	3	252	6.1e-74	248.2	pfam00348	polyprenyl_synt	257
2737832907	568	21	154	2	103	1.1e-13	51.2	pfam05157	T2SSE_N	109
2737832907	568	191	459	7	271	1.0e-77	260.7	pfam00437	T2SSE	273
2737832908	149	67	149	2	84	2.0e-14	53.5	pfam00482	T2SSF	125
2737832909	124	28	123	1	110	8.3e-35	119.3	pfam03143	GTP_EFTU_D3	111
2737832910	103	7	101	1	98	3.8e-34	116.7	pfam00338	Ribosomal_S10	98
2737832911	221	28	194	175	290	3.6e-15	55.7	pfam00297	Ribosomal_L3	369
2737832912	206	16	204	2	191	1.3e-60	204.3	pfam00573	Ribosomal_L4	192
2737832913	104	13	99	1	86	3.5e-27	94.4	pfam00276	Ribosomal_L23	86
2737832914	274	42	118	1	76	2.9e-32	110.3	pfam00181	Ribosomal_L2	77
2737832914	274	125	250	2	126	3.9e-54	182.1	pfam03947	Ribosomal_L2_C	126
2737832915	91	3	83	1	81	9.2e-39	131.1	pfam00203	Ribosomal_S19	81
2737832916	109	7	108	3	101	1.1e-33	115.6	pfam00237	Ribosomal_L22	102
2737832917	290	38	111	1	77	1.9e-20	72.3	pfam07650	KH_2	78
2737832917	290	120	202	1	83	5.1e-40	135.7	pfam00189	Ribosomal_S3_C	83
2737832918	138	4	132	1	132	2.7e-46	156.7	pfam00252	Ribosomal_L16	132
2737832919	66	4	60	1	56	4.6e-17	61.6	pfam00831	Ribosomal_L29	57
2737832920	89	14	81	1	67	1.9e-28	98.2	pfam00366	Ribosomal_S17	68
2737832921	169	3	163	1	148	3.3e-33	114.3	pfam08534	Redoxin	148
2737832922	162	54	143	2	76	6.5e-11	42.4	pfam13508	Acetyltransf_7	76
2737832925	401	7	271	2	259	8.3e-76	254.6	pfam00108	Thiolase_N	260
2737832925	401	278	400	1	123	4.2e-45	152.2	pfam02803	Thiolase_C	123
2737832926	254	7	253	2	249	1.1e-51	175.4	pfam00378	ECH_1	251
2737832928	142	39	111	1	73	8.8e-15	54.7	pfam03061	4HBT	79
2737832929	604	38	315	3	272	6.9e-37	127.4	pfam00664	ABC_membrane	274
2737832929	604	378	531	1	137	8.5e-32	110.4	pfam00005	ABC_tran	137
2737832930	306	3	62	2	60	6.3e-17	61.1	pfam00126	HTH_1	60
2737832930	306	86	302	5	206	9.5e-24	83.8	pfam03466	LysR_substrate	209
2737832931	347	14	319	8	308	2.1e-20	73.2	pfam01979	Amidohydro_1	344
2737832932	259	53	254	1	213	3.4e-71	239.3	pfam11227	DUF3025	213
2737832934	239	1	140	289	422	1.2e-37	129.5	pfam00501	AMP-binding	423
2737832934	239	148	223	1	74	7.8e-14	52.3	pfam13193	AMP-binding_C	74
2737832935	147	1	147	1	141	1.4e-32	113	pfam00582	Usp	141
2737832936	662	49	110	1	61	6.5e-13	48.8	pfam00403	HMA	62
2737832936	662	237	456	2	221	2.6e-51	173.9	pfam00122	E1-E2_ATPase	221
2737832936	662	461	662	1	202	5.7e-30	105	pfam00702	Hydrolase	210
2737832938	193	39	145	7	107	4.8e-26	90.3	pfam00255	GSHPx	108
2737832939	325	11	76	1	61	1.2e-13	50.8	pfam13411	MerR_1	69
2737832940	163	1	82	1	81	4.5e-15	55.6	pfam02082	Rrf2	83
2737832941	70	12	67	3	50	2.5e-14	53.2	pfam10985	DUF2805	71
2737832942	172	16	132	1	118	2.6e-33	114.6	pfam03350	UPF0114	118
2737832943	199	1	57	94	145	2.0e-12	47.4	pfam00441	Acyl-CoA_dh_1	150
2737832943	199	64	195	3	123	9.7e-26	90.2	pfam12806	Acyl-CoA_dh_C	124
2737832944	323	7	311	10	326	1.0e-16	61.1	pfam03060	NMO	331
2737832945	234	25	160	1	134	1.4e-36	125.8	pfam03591	AzlC	136
2737832946	107	7	104	2	99	2.9e-16	59.3	pfam05437	AzlD	99
2737832947	288	127	288	1	164	1.5e-29	103.3	pfam13377	Peripla_BP_3	164
2737832948	63	10	63	1	56	6.1e-15	55.1	pfam00009	GTP_EFTU	194
2737832952	242	70	233	7	151	7.4e-22	77.9	pfam03167	UDG	155
2737832953	266	5	264	1	254	2.3e-92	308.6	pfam00218	IGPS	254
2737832954	348	11	73	2	63	8.4e-14	51	pfam02885	Glycos_trans_3N	63
2737832954	348	81	333	3	252	1.2e-93	313.3	pfam00591	Glycos_transf_3	253
2737832955	189	7	189	2	187	4.7e-53	179.6	pfam00117	GATase	190
2737832956	503	26	176	1	141	6.3e-29	100.9	pfam04715	Anth_synt_I_N	142
2737832956	503	224	487	2	258	1.2e-90	303.5	pfam00425	Chorismate_bind	258
2737832958	362	34	343	4	268	5.8e-50	169.8	pfam02653	BPD_transp_2	268
2737832959	256	21	182	1	136	2.7e-30	105.6	pfam00005	ABC_tran	137
2737832959	256	230	252	1	23	5.0e-10	38.9	pfam12399	BCA_ABC_TP_C	23
2737832960	238	21	167	2	136	3.1e-29	102.1	pfam00005	ABC_tran	137
2737832961	375	93	175	2	76	4.5e-13	48.9	pfam01336	tRNA_anti-codon	76
2737832961	375	191	375	1	184	7.0e-46	156.6	pfam00152	tRNA-synt_2	314
2737832962	383	32	383	1	342	0.0e+00	473	pfam00521	DNA_topoisoIV	427
2737832963	215	109	204	1	95	3.5e-22	78.4	pfam00691	OmpA	95
2737832964	238	20	208	22	161	1.1e-27	96.9	pfam13489	Methyltransf_23	165
2737832965	118	11	118	1	105	6.9e-10	39.2	pfam13419	HAD_2	178
2737832966	264	1	255	155	408	1.0e-60	205.5	pfam03486	HI0933_like	409
2737832968	586	20	184	1	162	2.2e-37	128.2	pfam13177	DNA_pol3_delta2	163
2737832968	586	237	376	2	137	9.7e-28	96.7	pfam12169	DNA_pol3_gamma3	143
2737832968	586	453	580	22	137	3.3e-09	36.8	pfam12170	DNA_pol3_tau_5	142
2737832969	110	11	100	1	90	1.1e-32	111.9	pfam02575	YbaB_DNA_bd	91
2737832970	202	39	78	2	40	4.7e-14	51.5	pfam02132	RecR	40
2737832970	202	80	177	2	89	2.0e-21	76.1	pfam13662	Toprim_4	89
2737832971	480	99	210	10	109	6.8e-25	86.9	pfam01464	SLT	117
2737832972	879	13	254	10	240	7.5e-49	166.3	pfam03710	GlnE	251
2737832972	879	279	423	1	146	5.8e-40	136.6	pfam08335	GlnD_UR_UTase	147
2737832972	879	532	775	2	240	7.2e-55	186	pfam03710	GlnE	251
2737832972	879	796	879	1	73	2.4e-05	24.3	pfam08335	GlnD_UR_UTase	147
2737832973	781	553	781	3	213	3.4e-35	121.9	pfam13116	DUF3971	289
2737832974	251	15	174	2	137	5.0e-28	98.2	pfam00005	ABC_tran	137
2737832975	255	54	178	3	126	2.1e-31	108.6	pfam09955	DUF2189	126
2737832976	73	21	71	1	51	4.0e-21	74.6	pfam10981	DUF2788	51
2737832977	201	6	176	2	119	4.1e-22	78.4	pfam02576	DUF150	139
2737832978	499	4	127	1	121	2.3e-30	105.3	pfam08529	NusA_N	121
2737832978	499	232	300	1	68	1.4e-25	89	pfam13184	KH_5	69
2737832978	499	431	487	2	57	6.4e-07	29.8	pfam14520	HHH_5	57
2737832979	184	1	53	2	52	2.2e-07	30.5	pfam04760	IF2_N	54
2737832979	184	61	99	1	39	2.1e-15	56.6	pfam08364	IF2_assoc	39
2737832980	449	23	132	2	112	1.1e-26	92.7	pfam14691	Fer4_20	113
2737832980	449	144	442	1	255	5.8e-19	68.3	pfam07992	Pyr_redox_2	292
2737832981	1392	2	269	161	420	1.1e-126	422.9	pfam00310	GATase_2	420
2737832981	1392	297	584	2	279	3.5e-111	371	pfam04898	Glu_syn_central	279
2737832981	1392	644	1042	2	367	0.0e+00	516.5	pfam01645	Glu_synthase	368
2737832981	1392	1121	1309	4	189	1.5e-74	249.6	pfam01493	GXGXG	190
2737832983	700	16	141	1	114	5.5e-16	59	pfam13380	CoA_binding_2	116
2737832983	700	159	295	1	138	1.4e-37	128.4	pfam13607	Succ_CoA_lig	138
2737832983	700	482	693	7	220	9.3e-45	152.6	pfam13549	ATP-grasp_5	222
2737832984	272	11	246	5	216	6.2e-44	150.1	pfam00378	ECH_1	251
2737832985	251	8	167	1	158	3.8e-39	134.3	pfam03446	NAD_binding_2	158
2737832985	251	170	251	1	81	1.0e-21	77.3	pfam14833	NAD_binding_11	122
2737832986	278	9	183	4	169	2.1e-52	177.1	pfam02776	TPP_enzyme_N	172
2737832986	278	199	278	2	80	3.0e-15	56.1	pfam00205	TPP_enzyme_M	137
2737832987	397	14	299	3	292	5.5e-30	104.3	pfam07690	MFS_1	353
2737832988	339	70	233	1	170	3.9e-55	186.4	pfam07724	AAA_2	171
2737832988	339	239	319	1	79	6.2e-24	83.7	pfam10431	ClpB_D2-small	81
2737832989	237	1	226	92	298	7.3e-87	291.3	pfam00146	NADHdh	299
2737832990	169	69	123	1	52	1.9e-12	47.4	pfam12838	Fer4_7	52
2737832991	216	18	168	2	137	1.7e-37	128.2	pfam00499	Oxidored_q3	137
2737832992	105	10	104	3	103	8.5e-22	76.6	pfam00420	Oxidored_q2	105
2737832993	467	73	130	2	58	4.2e-27	93.9	pfam00662	Proton_antipo_N	58
2737832993	467	142	440	1	280	1.1e-83	280.7	pfam00361	Proton_antipo_M	293
2737832994	227	40	225	26	184	3.1e-15	55.8	pfam03328	HpcH_HpaI	221
2737832995	328	6	156	1	139	6.5e-35	120.1	pfam00056	Ldh_1_N	141
2737832995	328	159	327	2	163	1.7e-31	109.3	pfam02866	Ldh_1_C	167
2737832996	267	33	96	1	64	4.5e-19	67.7	pfam00392	GntR	64
2737832996	267	119	261	6	140	3.0e-34	117.7	pfam07702	UTRA	141
2737832997	143	5	135	7	121	3.7e-24	84.9	pfam01127	Sdh_cyt	121
2737832998	121	5	113	16	107	2.3e-10	40.4	pfam01127	Sdh_cyt	121
2737832999	292	13	292	1	293	3.3e-85	286.5	pfam00890	FAD_binding_2	417
2737833000	250	14	239	1	113	1.3e-11	44.6	pfam03372	Exo_endo_phos	113
2737833001	408	26	172	1	109	1.0e-13	51.2	pfam13091	PLDc_2	133
2737833001	408	235	367	2	128	2.8e-24	85.4	pfam13091	PLDc_2	133
2737833002	236	52	233	3	178	3.1e-53	179.7	pfam01227	GTP_cyclohydroI	179
2737833003	141	2	93	1	92	1.9e-30	104.7	pfam04940	BLUF	92
2737833004	272	6	258	12	201	4.9e-08	32.9	pfam04250	DUF429	210
2737833005	129	3	129	4	126	4.4e-23	81.5	pfam01124	MAPEG	130
2737833006	116	1	116	1	122	1.4e-19	69.9	pfam04307	YdjM	173
2737833007	114	2	58	7	62	7.0e-08	32.1	pfam12802	MarR_2	62
2737833008	224	3	114	1	111	4.4e-26	91.1	pfam00072	Response_reg	112
2737833008	224	146	219	2	77	2.4e-22	78.7	pfam00486	Trans_reg_C	77
2737833009	503	49	193	1	141	1.7e-37	128.5	pfam08521	2CSK_N	141
2737833009	503	198	266	7	68	1.0e-06	28.7	pfam00672	HAMP	69
2737833009	503	270	335	2	63	6.9e-13	48.3	pfam00512	HisKA	64
2737833009	503	384	501	4	102	6.1e-17	62.1	pfam02518	HATPase_c	111
2737833010	396	18	118	27	117	8.0e-15	54.9	pfam02746	MR_MLE_N	117
2737833010	396	148	374	3	219	5.1e-63	212.5	pfam13378	MR_MLE_C	219
2737833011	159	2	156	308	461	4.5e-54	183.5	pfam00171	Aldedh	462
2737833012	207	1	82	5	76	4.4e-18	64.9	pfam11967	RecO_N	80
2737833012	207	84	207	3	122	2.5e-17	63	pfam02565	RecO_C	157
2737833013	328	42	156	2	114	7.0e-23	80.8	pfam01926	MMR_HSR1	114
2737833013	328	240	316	1	77	1.2e-18	66.5	pfam07650	KH_2	78
2737833014	227	20	144	2	122	4.4e-37	127	pfam14622	Ribonucleas_3_3	128
2737833014	227	157	224	1	67	2.7e-11	43.9	pfam00035	dsrm	67
2737833015	326	128	210	1	70	4.9e-20	71.1	pfam00717	Peptidase_S24	70
2737833015	326	262	314	99	137	1.6e-07	31	pfam10502	Peptidase_S26	138
2737833016	602	2	182	2	193	1.4e-53	181.2	pfam00009	GTP_EFTU	194
2737833016	602	404	492	2	87	5.9e-23	80.6	pfam00679	EFG_C	89
2737833016	602	493	599	1	107	3.0e-49	165.5	pfam06421	LepA_C	107
2737833017	498	122	253	1	150	1.8e-33	116.4	pfam13365	Trypsin_2	150
2737833017	498	292	383	1	82	5.5e-17	61.7	pfam13180	PDZ_2	82
2737833017	498	409	493	18	72	2.7e-06	27.5	pfam13180	PDZ_2	82
2737833018	333	36	213	2	178	1.2e-47	161.6	pfam03888	MucB_RseB	178
2737833018	333	235	329	14	94	3.9e-17	62.1	pfam17188	MucB_RseB_C	97
2737833019	167	19	77	3	41	2.0e-08	34.4	pfam03872	RseA_N	87
2737833020	213	33	100	2	65	8.8e-15	54.1	pfam04542	Sigma70_r2	71
2737833020	213	144	197	2	53	3.6e-16	58.5	pfam08281	Sigma70_r4_2	54
2737833022	414	3	251	2	253	5.7e-63	212.7	pfam00109	ketoacyl-synt	253
2737833022	414	259	372	1	117	9.1e-35	119.1	pfam02801	Ketoacyl-synt_C	118
2737833023	79	6	73	2	66	1.7e-16	60.2	pfam00550	PP-binding	67
2737833024	250	15	248	1	233	6.0e-68	228.8	pfam13561	adh_short_C2	234
2737833025	317	5	293	2	267	3.0e-30	105.7	pfam00698	Acyl_transf_1	319
2737833026	325	113	190	1	80	1.5e-33	114.3	pfam08545	ACP_syn_III	80
2737833026	325	236	325	3	89	1.3e-35	121.3	pfam08541	ACP_syn_III_C	90
2737833027	340	1	313	14	320	7.7e-92	307.7	pfam02504	FA_synthesis	323
2737833029	296	102	294	1	175	1.3e-12	47.7	pfam00528	BPD_transp_1	185
2737833030	366	26	169	2	136	1.9e-35	122.2	pfam00005	ABC_tran	137
2737833030	366	284	364	1	76	1.7e-15	56.8	pfam08402	TOBE_2	76
2737833031	380	55	347	2	278	3.2e-31	109.1	pfam13416	SBP_bac_8	282
2737833032	456	17	442	11	406	3.2e-81	272.9	pfam00202	Aminotran_3	406
2737833033	216	24	216	4	200	7.6e-35	120.1	pfam00348	polyprenyl_synt	257
2737833035	584	22	294	3	262	3.3e-48	164.6	pfam00664	ABC_membrane	274
2737833035	584	360	509	1	137	1.3e-32	113	pfam00005	ABC_tran	137
2737833036	97	2	94	1	93	4.3e-35	119.5	pfam00166	Cpn10	93
