gene_oid	gene_length	feature_type	start_coord	end_coord
2737700211	287	cleavage	17	18
2737700225	346	cleavage	28	29
2737700228	157	cleavage	49	50
2737700229	161	cleavage	24	25
2737700241	297	cleavage	23	24
2737700248	479	cleavage	25	26
2737700251	451	cleavage	33	34
2737700268	212	cleavage	29	30
2737700277	318	cleavage	19	20
2737700282	117	cleavage	22	23
2737700308	767	cleavage	28	29
2737700309	168	cleavage	23	24
2737700326	51	cleavage	29	30
2737700328	158	cleavage	18	19
2737700353	135	cleavage	40	41
2737700367	425	cleavage	24	25
2737700368	227	cleavage	18	19
2737700369	316	cleavage	22	23
2737700389	93	cleavage	21	22
2737700393	164	cleavage	24	25
2737700400	164	cleavage	24	25
2737700404	202	cleavage	22	23
2737700437	472	cleavage	24	25
2737700449	169	cleavage	20	21
2737700469	357	cleavage	31	32
2737700488	178	cleavage	29	30
2737700496	329	cleavage	33	34
2737700500	337	cleavage	22	23
2737700509	713	cleavage	29	30
2737700533	399	cleavage	30	31
2737700540	123	cleavage	18	19
2737700551	223	cleavage	25	26
2737700552	350	cleavage	26	27
2737700553	181	cleavage	26	27
2737700558	146	cleavage	20	21
2737700570	180	cleavage	29	30
2737700573	192	cleavage	28	29
2737700581	125	cleavage	22	23
2737700583	186	cleavage	27	28
2737700609	409	cleavage	22	23
2737700633	206	cleavage	29	30
2737700649	483	cleavage	29	30
2737700696	433	cleavage	22	23
2737700706	404	cleavage	22	23
2737700710	158	cleavage	22	23
2737700712	164	cleavage	23	24
2737700714	153	cleavage	37	38
2737700715	124	cleavage	20	21
2737700716	109	cleavage	26	27
2737700743	417	cleavage	26	27
2737700758	225	cleavage	29	30
2737700765	231	cleavage	22	23
2737700806	389	cleavage	23	24
2737700834	213	cleavage	30	31
2737700836	236	cleavage	28	29
2737700837	231	cleavage	25	26
2737700839	224	cleavage	27	28
2737700843	394	cleavage	28	29
2737700851	204	cleavage	19	20
2737700879	155	cleavage	19	20
2737700903	411	cleavage	31	32
2737700908	392	cleavage	20	21
2737700914	493	cleavage	26	27
2737700926	403	cleavage	60	61
2737700949	423	cleavage	24	25
2737700960	338	cleavage	27	28
2737701009	169	cleavage	41	42
2737701012	257	cleavage	22	23
2737701013	495	cleavage	28	29
2737701015	111	cleavage	24	25
2737701016	428	cleavage	26	27
2737701026	172	cleavage	28	29
2737701029	377	cleavage	23	24
2737701030	227	cleavage	25	26
2737701039	309	cleavage	25	26
2737701064	531	cleavage	25	26
2737701069	131	cleavage	19	20
2737701070	126	cleavage	19	20
2737701075	93	cleavage	23	24
2737701087	71	cleavage	20	21
2737701118	442	cleavage	23	24
2737701137	668	cleavage	24	25
2737701140	274	cleavage	33	34
2737701145	359	cleavage	22	23
2737701149	135	cleavage	21	22
2737701152	291	cleavage	29	30
2737701161	472	cleavage	19	20
2737701189	151	cleavage	22	23
2737701220	469	cleavage	20	21
2737701225	150	cleavage	24	25
2737701262	363	cleavage	23	24
2737701266	116	cleavage	22	23
2737701268	117	cleavage	17	18
2737701321	203	cleavage	28	29
2737701325	219	cleavage	22	23
2737701331	227	cleavage	26	27
2737701346	101	cleavage	26	27
2737701351	251	cleavage	20	21
2737701369	244	cleavage	26	27
2737701371	182	cleavage	21	22
2737701372	220	cleavage	27	28
2737701373	557	cleavage	27	28
2737701374	192	cleavage	23	24
2737701381	209	cleavage	22	23
2737701391	432	cleavage	19	20
2737701408	308	cleavage	27	28
2737701426	148	cleavage	17	18
2737701441	209	cleavage	23	24
2737701456	163	cleavage	22	23
2737701471	351	cleavage	21	22
2737701479	244	cleavage	27	28
2737701492	607	cleavage	18	19
2737701506	601	cleavage	25	26
2737701516	198	cleavage	24	25
2737701521	489	cleavage	23	24
2737701525	137	cleavage	20	21
2737701587	127	cleavage	19	20
2737701594	101	cleavage	20	21
2737701595	277	cleavage	19	20
2737701597	438	cleavage	23	24
2737701598	274	cleavage	25	26
2737701628	147	cleavage	19	20
2737701688	340	cleavage	22	23
2737701707	440	cleavage	25	26
2737701718	457	cleavage	32	33
2737701719	144	cleavage	26	27
2737701724	363	cleavage	21	22
2737701746	383	cleavage	20	21
2737701762	96	cleavage	28	29
2737701766	440	cleavage	19	20
2737701767	472	cleavage	30	31
2737701780	97	cleavage	19	20
2737701791	119	cleavage	22	23
2737701792	72	cleavage	22	23
2737701795	104	cleavage	21	22
2737701798	240	cleavage	18	19
2737701809	137	cleavage	18	19
2737701810	718	cleavage	34	35
2737701814	152	cleavage	34	35
2737701830	320	cleavage	19	20
2737701887	183	cleavage	21	22
2737701907	372	cleavage	29	30
2737701924	692	cleavage	47	48
2737701925	379	cleavage	26	27
2737701928	101	cleavage	20	21
2737701945	465	cleavage	28	29
2737702024	140	cleavage	29	30
2737702027	144	cleavage	20	21
2737702031	125	cleavage	17	18
2737702042	596	cleavage	33	34
2737702060	92	cleavage	25	26
2737702061	85	cleavage	18	19
2737702079	379	cleavage	28	29
2737702080	559	cleavage	22	23
2737702097	457	cleavage	22	23
2737702104	115	cleavage	24	25
2737702106	103	cleavage	17	18
2737702107	425	cleavage	23	24
2737702111	362	cleavage	26	27
2737702132	419	cleavage	29	30
2737702140	239	cleavage	24	25
2737702141	192	cleavage	26	27
2737702142	417	cleavage	22	23
2737702171	432	cleavage	26	27
2737702186	146	cleavage	18	19
2737702196	294	cleavage	25	26
2737702210	342	cleavage	35	36
2737702215	79	cleavage	28	29
2737702219	340	cleavage	35	36
2737702222	305	cleavage	26	27
2737702224	605	cleavage	29	30
2737702231	50	cleavage	19	20
2737702244	105	cleavage	12	13
2737702250	414	cleavage	24	25
2737702263	330	cleavage	29	30
2737702278	215	cleavage	31	32
2737702303	377	cleavage	16	17
2737702308	316	cleavage	21	22
2737702359	388	cleavage	27	28
2737702370	630	cleavage	31	32
2737702376	180	cleavage	19	20
2737702390	322	cleavage	22	23
2737702404	182	cleavage	17	18
2737702431	710	cleavage	20	21
2737702432	369	cleavage	20	21
2737702433	179	cleavage	22	23
2737702435	191	cleavage	23	24
2737702436	190	cleavage	24	25
2737702438	312	cleavage	29	30
2737702441	200	cleavage	33	34
2737702454	423	cleavage	29	30
2737702455	526	cleavage	22	23
2737702463	359	cleavage	17	18
2737702476	124	cleavage	18	19
2737702483	239	cleavage	31	32
2737702487	113	cleavage	27	28
2737702506	576	cleavage	23	24
2737702542	207	cleavage	34	35
2737702610	193	cleavage	17	18
2737702620	386	cleavage	23	24
2737702633	286	cleavage	24	25
2737702638	158	cleavage	30	31
